15668 
425 
2420 
1696 
11342 
10780 
14547 
12678 
7599 
11296 
4222 
11887 
13943 
15495 
10954 
17472 
13121 
3356 
16164 
10530 
13143 
2934 
3593 
4009 
8415 
11237 
226 
13742 
912 
1968 
7506 
11119 
3210 
12095 
8666 
851 
11349 
14912 
13281 
15925 
7844 
3786 
14907 
5418 
6972 
13767 
1932 
2414 
5541 
955 
13809 
7583 
9662 
16989 
4978 
9350 
2453 
3244 
10201 
1391 
15358 
15009 
6361 
7655 
16327 
6734 
11287 
8604 
4876 
13308 
941 
10905 
3003 
8495 
2633 
6547 
16480 
15902 
3739 
405 
8318 
963 
14622 
10296 
7704 
11483 
7636 
1826 
3337 
14733 
14732 
13349 
7447 
7995 
10902 
12767 
14261 
2030 
16954 
934 
3801 
9424 
13442 
11227 
5245 
10787 
9467 
9517 
16658 
13691 
10360 
16381 
8471 
5721 
10747 
13975 
13006 
392 
15728 
12468 
2044 
13898 
11379 
7539 
12315 
4544 
12067 
15759 
14611 
4949 
4727 
14663 
857 
9495 
13417 
14350 
4976 
4273 
10252 
4352 
16198 
217 
10021 
1310 
7501 
7535 
500 
14127 
10812 
3445 
10113 
10133 
718 
12447 
5400 
6755 
10471 
16812 
6163 
16798 
16715 
2455 
6743 
14224 
8162 
4140 
532 
1219 
11500 
2639 
15396 
3949 
8339 
16896 
14300 
12208 
383 
15091 
3385 
14626 
14465 
607 
2658 
16329 
4806 
16762 
6529 
10065 
7146 
7333 
10316 
5761 
8026 
3299 
273 
1707 
13108 
922 
595 
8027 
6866 
6283 
2181 
4756 
5533 
398 
5551 
1265 
7646 
16272 
6678 
2519 
3502 
17369 
7432 
8733 
6576 
15602 
12547 
3980 
15585 
16762 
8131 
4702 
5334 
484 
15089 
6926 
7666 
6827 
1285 
11180 
17341 
14764 
8120 
4932 
3022 
11069 
6569 
3590 
8638 
14283 
1219 
14384 
3099 
13710 
4828 
14313 
8754 
16878 
16550 
12185 
2208 
15463 
9203 
14972 
1029 
12504 
10766 
5621 
12219 
5928 
4723 
15925 
3963 
16036 
6094 
4311 
4250 
1066 
13123 
7267 
13212 
1451 
3521 
7733 
13516 
6785 
15517 
4223 
16394 
10192 
17280 
12634 
5610 
14680 
12361 
15782 
14723 
5779 
17088 
4272 
4938 
12646 
13789 
15451 
9422 
13610 
8869 
10579 
2526 
8423 
4874 
807 
9484 
13609 
14998 
3247 
8703 
6613 
7882 
13408 
7122 
268 
17342 
2524 
7469 
14121 
17327 
14410 
5902 
6159 
1358 
7374 
11913 
17340 
17097 
15414 
16866 
6991 
11912 
10772 
9899 
15127 
7816 
3606 
2227 
3039 
5319 
802 
14178 
4354 
8235 
17033 
2896 
3505 
17336 
16320 
10949 
3517 
11086 
1792 
1990 
12964 
9838 
2412 
10127 
10647 
5867 
11564 
2130 
12158 
2438 
14261 
8616 
15621 
4723 
11575 
8005 
11760 
3759 
1333 
1588 
6460 
17275 
16848 
10202 
7410 
14561 
14361 
15017 
11648 
7730 
2903 
17156 
7537 
8751 
10568 
2524 
13341 
142 
8373 
15448 
13117 
6122 
9923 
14776 
8908 
1981 
16601 
8575 
575 
9985 
1795 
4382 
13555 
8561 
15061 
10443 
17114 
6052 
15722 
10521 
17338 
5552 
10872 
16460 
15615 
8514 
14666 
6198 
14096 
10401 
4632 
10004 
7457 
16402 
9336 
11186 
11013 
8803 
16654 
3235 
12610 
11745 
4815 
12227 
15237 
1931 
16600 
7091 
6330 
9557 
13114 
4845 
13527 
9604 
13643 
16302 
5106 
7578 
7176 
11434 
71 
7383 
3884 
8933 
8808 
14071 
5978 
13942 
6264 
1728 
896 
9035 
1196 
1353 
6501 
9177 
13781 
9025 
16802 
4435 
13492 
1598 
7956 
3785 
12047 
2000 
14991 
1704 
10563 
3352 
14295 
1794 
14633 
8833 
4910 
5869 
7548 
4036 
9805 
169 
12939 
6217 
7932 
884 
14758 
7327 
3870 
11950 
4206 
11354 
10343 
3635 
8967 
3341 
10552 
7717 
9931 
9141 
4554 
410 
3163 
10504 
1770 
4625 
13244 
11080 
13385 
15092 
15848 
4949 
7433 
10903 
15865 
15618 
16150 
13192 
12189 
3504 
9948 
2255 
5785 
3460 
128 
8720 
14384 
14987 
2362 
6564 
13514 
14796 
14840 
8374 
4191 
13631 
12731 
12072 
11797 
6603 
17026 
16232 
7625 
7856 
8847 
16838 
4699 
12892 
13878 
5675 
6299 
8513 
17335 
12092 
680 
16284 
8011 
15526 
13507 
5492 
13619 
6780 
2784 
6572 
11719 
4968 
96 
13789 
4719 
847 
858 
5896 
11329 
14803 
14663 
2820 
13616 
10996 
12526 
12546 
15703 
364 
10282 
6995 
16938 
11171 
3492 
5507 
14312 
8264 
13095 
9735 
10272 
5527 
360 
12225 
5358 
1133 
14095 
9814 
12619 
10390 
15501 
792 
8625 
11325 
8410 
1435 
17012 
11861 
4454 
1094 
6855 
14849 
12675 
14226 
15709 
8700 
3422 
11514 
6167 
15256 
9038 
14414 
7487 
15729 
6492 
6542 
11782 
5233 
4074 
5051 
17257 
3819 
3868 
14412 
11367 
2795 
14820 
10400 
10496 
9510 
10628 
1324 
10783 
6683 
1273 
32 
12491 
3814 
17256 
16430 
14112 
3319 
10197 
14542 
16794 
7204 
10727 
15889 
6723 
9830 
1448 
4504 
5649 
3268 
10084 
4152 
849 
2512 
16389 
17305 
4722 
2398 
9545 
9747 
15018 
9968 
8113 
5464 
4781 
16635 
16321 
4855 
1105 
15542 
12553 
7630 
10351 
9747 
11172 
7602 
4930 
5165 
6497 
6267 
10892 
5448 
10899 
8539 
4975 
16232 
14609 
11346 
8732 
15787 
13906 
1982 
14109 
14361 
8325 
7535 
17352 
15244 
13060 
10597 
9760 
4613 
1391 
7939 
3818 
15391 
3374 
468 
5870 
10562 
2390 
12116 
3388 
9583 
15749 
11491 
19 
17246 
7914 
652 
4236 
10014 
4238 
3672 
30 
1497 
16771 
7751 
3120 
6337 
10330 
5650 
3545 
7596 
2646 
17027 
17479 
10415 
1402 
4365 
4400 
8292 
8048 
10655 
10885 
11403 
963 
251 
1832 
204 
13603 
13073 
11076 
13617 
1972 
17143 
4706 
12918 
8205 
9851 
6674 
15868 
11665 
6237 
13518 
15508 
11992 
17364 
2980 
13950 
7358 
16760 
12272 
8871 
109 
7012 
14860 
6806 
8572 
12202 
1856 
2592 
5989 
16375 
4158 
6552 
4050 
11929 
2539 
3256 
2573 
9167 
15976 
17293 
10070 
8566 
5825 
3266 
10122 
16024 
5250 
2130 
9369 
5405 
147 
3560 
16536 
6045 
11248 
10909 
8113 
2165 
14158 
353 
16780 
2782 
12313 
16830 
14959 
7336 
3985 
12021 
6788 
1374 
8091 
3964 
1496 
14730 
55 
6583 
6839 
13486 
8097 
11246 
15944 
1420 
11645 
8366 
13891 
2378 
4812 
12628 
6267 
8890 
17368 
16289 
13332 
8216 
8094 
14750 
9791 
10116 
9664 
7472 
11168 
11059 
14644 
2018 
14213 
14485 
15739 
17054 
15274 
16592 
11132 
2285 
16416 
8540 
7399 
13269 
16800 
13705 
1796 
14593 
11539 
1764 
5426 
5471 
6653 
3920 
2036 
11152 
2921 
8052 
1305 
13704 
17331 
15813 
16590 
2910 
17287 
15290 
367 
15445 
16769 
11309 
10825 
5858 
13849 
17267 
12136 
13315 
4529 
4594 
11452 
16836 
78 
15698 
9452 
4351 
13967 
16912 
1427 
1486 
16478 
12868 
17420 
3918 
4787 
7883 
1285 
7806 
8809 
968 
2987 
10161 
1014 
6521 
10402 
2698 
6913 
16461 
2435 
11544 
3017 
8989 
5848 
15621 
7752 
13321 
15726 
9006 
5536 
5766 
2159 
6673 
189 
9485 
5937 
11957 
2848 
7507 
13106 
5995 
13088 
10568 
1276 
2405 
3349 
15279 
9668 
9190 
13249 
2061 
6034 
15972 
6123 
12139 
3925 
14136 
15975 
8819 
10459 
7885 
8000 
7665 
13725 
13494 
1475 
10481 
13225 
12404 
17127 
17399 
9300 
4088 
15999 
11536 
13077 
726 
8491 
16248 
12700 
15823 
3739 
1850 
11847 
11466 
14365 
414 
9763 
5665 
378 
2756 
8069 
13493 
10176 
889 
1040 
8553 
14569 
8723 
11320 
14016 
2732 
45 
4177 
3238 
13685 
3282 
10825 
8106 
9457 
15346 
15614 
8511 
3646 
5618 
11560 
6659 
10142 
4763 
15377 
12341 
9218 
6188 
15558 
13985 
6759 
15756 
13402 
10734 
361 
6156 
12036 
17346 
11983 
11525 
13344 
6685 
5090 
14556 
12051 
7179 
12261 
11479 
6492 
7922 
15716 
8755 
2160 
1784 
8484 
9561 
17369 
8951 
14553 
4878 
3117 
9269 
15910 
2143 
12077 
2213 
16980 
14993 
5960 
13686 
5330 
16760 
7707 
1658 
3633 
17418 
6496 
8747 
1145 
9030 
13841 
17234 
2949 
11508 
5449 
13147 
539 
8971 
12111 
14971 
5208 
12684 
2585 
3552 
7931 
6374 
3363 
1755 
3911 
2621 
9322 
15009 
9800 
4276 
11936 
16660 
76 
3835 
13270 
5880 
16677 
2309 
17253 
12073 
1426 
16585 
1130 
11097 
495 
5762 
11651 
2650 
14625 
11018 
15319 
964 
9292 
3068 
2428 
3887 
8406 
4603 
5635 
17452 
12868 
1795 
7888 
5215 
16068 
12194 
7607 
12180 
14314 
9461 
10540 
12282 
4813 
8452 
5870 
15238 
2589 
14159 
1727 
17024 
1042 
16591 
1391 
4929 
3612 
11972 
1809 
16572 
8690 
9341 
4510 
803 
12739 
763 
13717 
12345 
5528 
16196 
2657 
17447 
16954 
8227 
10477 
6160 
4971 
5067 
2447 
4314 
15219 
16813 
18 
9491 
7713 
4526 
6125 
2670 
10707 
7628 
16178 
7509 
16595 
16813 
6008 
8256 
13931 
5858 
14492 
3662 
16015 
12357 
1440 
4645 
3998 
10198 
5765 
10644 
11207 
11421 
3122 
3109 
12793 
11059 
3888 
15931 
6316 
6468 
2692 
11672 
5886 
8291 
2322 
7221 
9088 
2140 
14158 
15476 
3283 
14221 
5333 
8261 
1489 
14414 
11003 
8546 
16838 
8520 
17 
6178 
4088 
7467 
6542 
13268 
4649 
4188 
12142 
12479 
11724 
2685 
16392 
15389 
9884 
1317 
6781 
9814 
11621 
5621 
4714 
9848 
16694 
15405 
11284 
9821 
9469 
15637 
15601 
5285 
59 
4599 
8544 
13310 
4566 
588 
12732 
15584 
12220 
1682 
15189 
12674 
10738 
3354 
2538 
10624 
2248 
79 
4723 
16383 
1906 
4718 
6935 
11871 
14046 
11673 
14641 
12669 
12473 
12305 
16844 
751 
13105 
5098 
15154 
14542 
16685 
14521 
16139 
5820 
9870 
13835 
3022 
4465 
15431 
12291 
2951 
7292 
8829 
4571 
14046 
13670 
1241 
14318 
9352 
6782 
8535 
15414 
1755 
11547 
15070 
10843 
10827 
3470 
6047 
15275 
6261 
10643 
10972 
587 
12083 
10808 
3228 
17142 
13741 
11906 
3067 
17224 
459 
10761 
16618 
5668 
15649 
6907 
11277 
895 
11305 
9814 
10479 
11620 
11677 
9517 
212 
6246 
5387 
10856 
4193 
8009 
2703 
9552 
13012 
5989 
12570 
13084 
9692 
10255 
16252 
7534 
2076 
5492 
3084 
12285 
17190 
9475 
11601 
16295 
11413 
823 
14647 
8103 
12823 
13938 
11984 
4794 
1878 
17442 
9644 
13673 
680 
5702 
15147 
1945 
11929 
13230 
711 
2746 
17078 
15119 
2238 
16969 
8386 
3902 
15558 
5283 
17456 
7354 
9111 
5639 
13745 
10829 
15018 
7869 
6549 
15109 
11547 
5340 
9139 
7547 
6545 
8891 
2459 
17392 
6834 
6229 
2333 
3761 
15126 
1300 
8917 
2767 
6802 
10880 
1128 
2947 
12163 
2610 
15605 
5823 
1772 
13037 
6488 
14833 
12400 
9799 
10875 
3271 
1246 
14494 
14623 
11735 
16431 
1680 
8561 
17438 
14 
13137 
1261 
10708 
6043 
12729 
10737 
5718 
6317 
11443 
11591 
2283 
12148 
460 
14947 
5806 
6247 
16547 
10952 
14255 
11038 
2195 
756 
7977 
12061 
11060 
16257 
7988 
16651 
11153 
6348 
4596 
11143 
13116 
1977 
15641 
2106 
12286 
11430 
11228 
7354 
4767 
14384 
14015 
1405 
15541 
5578 
8273 
13602 
6219 
13838 
17079 
764 
3306 
12686 
16388 
3057 
8245 
5234 
8612 
6748 
8615 
5939 
9113 
9630 
16711 
16892 
3944 
7828 
184 
5283 
4506 
6594 
15290 
14454 
8038 
7963 
4085 
11454 
12089 
3653 
6256 
11189 
8202 
14562 
3511 
7716 
15083 
16977 
16627 
14913 
3616 
9032 
9764 
13014 
14306 
4277 
9688 
5346 
13274 
2476 
7026 
2510 
9741 
4192 
16447 
16832 
11495 
3317 
2255 
13935 
16926 
1603 
15318 
13746 
3877 
11701 
1410 
8904 
1922 
7362 
16450 
15778 
2447 
14455 
9239 
13592 
11243 
5552 
2394 
13860 
16269 
5266 
10733 
2385 
8464 
7473 
9976 
11751 
5987 
16425 
410 
6573 
1563 
9015 
1332 
3143 
11880 
7412 
5597 
8046 
13229 
9068 
4735 
12020 
8034 
11201 
12155 
9566 
7525 
5473 
7322 
3863 
2968 
9748 
11463 
827 
11010 
13087 
4289 
7788 
1135 
8969 
6444 
4903 
62 
13097 
3348 
6314 
13617 
8374 
12865 
8675 
8380 
1334 
14755 
3251 
4506 
301 
356 
14239 
3065 
17045 
12659 
1298 
1929 
17151 
3667 
7004 
8781 
11066 
12548 
12823 
16970 
14324 
9226 
1684 
14167 
4903 
8150 
6093 
14906 
9766 
11740 
4547 
2950 
14418 
3210 
17283 
6856 
15556 
4265 
7264 
5694 
593 
4103 
5279 
14352 
2686 
10342 
12384 
1130 
17291 
2436 
16343 
214 
4418 
4273 
2997 
11666 
7637 
3789 
7963 
7407 
1810 
15379 
860 
14993 
8394 
16484 
12051 
15395 
