3458 
13771 
11297 
6023 
17000 
7268 
4302 
13262 
9087 
17568 
13578 
1407 
5365 
19118 
12874 
16724 
3626 
959 
12628 
5067 
13949 
14699 
17002 
17424 
6037 
15094 
16556 
17351 
3976 
14675 
9147 
14884 
6645 
19390 
94 
13810 
12550 
10939 
18765 
17836 
15121 
5644 
17503 
19542 
12516 
11527 
17712 
16693 
19441 
17586 
16097 
15705 
5937 
9588 
19434 
3060 
16020 
12841 
4224 
19597 
5433 
4303 
740 
2398 
438 
16498 
13692 
18323 
17425 
7916 
11460 
13734 
18887 
10584 
2914 
4138 
18854 
15795 
19372 
7407 
5633 
15740 
10152 
7381 
11570 
5383 
7764 
13680 
7324 
12855 
10528 
16196 
14708 
4154 
5041 
9257 
14068 
953 
12625 
7281 
6127 
15847 
12391 
1628 
1877 
1633 
9521 
11648 
2275 
6956 
11810 
1950 
18969 
4518 
3066 
18455 
7711 
3993 
5926 
2394 
9328 
17771 
5909 
9742 
17687 
7732 
17747 
1863 
6986 
13110 
439 
19928 
13904 
117 
10385 
16596 
12908 
10324 
6289 
7710 
19257 
17973 
1779 
18877 
9022 
18166 
9301 
9463 
7692 
1515 
11786 
13764 
19641 
2373 
17139 
6551 
9907 
8248 
6028 
7577 
15210 
12308 
4998 
8469 
14195 
16088 
8652 
12962 
15191 
12737 
14517 
18203 
4094 
5301 
6625 
4214 
14510 
5196 
2398 
9708 
13556 
7159 
7990 
13162 
12060 
5524 
7987 
13764 
883 
5885 
6868 
12654 
1371 
16088 
274 
13503 
13552 
687 
10729 
17225 
12543 
5040 
1342 
3660 
16522 
1224 
15785 
5381 
19791 
8852 
17547 
18756 
6580 
16078 
2897 
4449 
3958 
18991 
599 
14944 
10930 
624 
9731 
7237 
15031 
11063 
18216 
16185 
17028 
8245 
2651 
13750 
11913 
15499 
11510 
10249 
7498 
19156 
13956 
11740 
7581 
5660 
2561 
14082 
4325 
1511 
4334 
17986 
1560 
10920 
937 
420 
18937 
13834 
7645 
4726 
5522 
12468 
15900 
4111 
17835 
13100 
18819 
6145 
622 
13476 
16785 
9778 
3180 
10788 
9146 
1802 
5607 
12196 
1776 
13605 
5299 
9490 
12081 
15854 
7997 
17895 
4382 
11450 
2100 
3123 
3652 
16727 
8513 
19100 
4938 
5169 
950 
4919 
10428 
8599 
2794 
19914 
1107 
193 
9078 
18252 
8288 
17444 
14728 
6669 
3253 
2096 
4735 
16807 
16181 
12483 
15603 
12188 
1680 
2760 
13255 
16846 
13087 
9202 
9910 
556 
16507 
11724 
12925 
12463 
3749 
18016 
8685 
15597 
6695 
5946 
3572 
14910 
12353 
7580 
10338 
3904 
7251 
6433 
8321 
13749 
17208 
17231 
16937 
18220 
13604 
1963 
1109 
12028 
9907 
2802 
9677 
13695 
12858 
5870 
4494 
10290 
2515 
16942 
3983 
13398 
11443 
18854 
15013 
12083 
17597 
19717 
9164 
14323 
14519 
6864 
6724 
1448 
9186 
8597 
11765 
10968 
9232 
2871 
16267 
19877 
6228 
11249 
19491 
8294 
16551 
18223 
18291 
12290 
3127 
1082 
5598 
9558 
1107 
11952 
5784 
15994 
6666 
18294 
12271 
12460 
5363 
1307 
12949 
9192 
18781 
9487 
8203 
3942 
3138 
7899 
10677 
11658 
14146 
11085 
8083 
16332 
13662 
8454 
9661 
11932 
15378 
10640 
15464 
5369 
13616 
1916 
1297 
1527 
12761 
13181 
6274 
3121 
4981 
12512 
7505 
11642 
3048 
12381 
1403 
7368 
16934 
17387 
6050 
1847 
14318 
12090 
6990 
5977 
6532 
10084 
14570 
10473 
2814 
4193 
17806 
4435 
12301 
7417 
2165 
14465 
3431 
8151 
16278 
5902 
19744 
10341 
16091 
16990 
4563 
2438 
680 
1187 
14199 
1359 
3872 
18588 
18201 
3606 
529 
9953 
3637 
2572 
8696 
3644 
16341 
5997 
7650 
18648 
8492 
3740 
1734 
17755 
7864 
12331 
17874 
17110 
19694 
13928 
2538 
9477 
7777 
17819 
2817 
19793 
10641 
19539 
15729 
17819 
4509 
14098 
2978 
1796 
4099 
17857 
6996 
10114 
12724 
6044 
3180 
16250 
6843 
14462 
2595 
14724 
571 
7651 
2395 
17128 
6378 
15280 
1300 
17185 
11874 
7700 
15742 
9727 
5294 
15092 
1718 
15312 
16887 
18227 
7925 
4469 
3651 
3556 
2057 
17215 
16888 
14236 
1868 
8788 
8357 
11533 
16478 
4800 
9018 
4620 
18997 
7658 
13770 
18909 
12488 
6078 
293 
14864 
13103 
17757 
11807 
7010 
16677 
9119 
19932 
1985 
1456 
6676 
2564 
15513 
15461 
3247 
1206 
17201 
9773 
6130 
18605 
16896 
1754 
7285 
18474 
18895 
973 
13602 
9155 
8407 
7334 
395 
13372 
19500 
16421 
12883 
14956 
2334 
1200 
15744 
8390 
15378 
12332 
5842 
16416 
18096 
12196 
9665 
10882 
5975 
2612 
14437 
2824 
16256 
6297 
13192 
16617 
9125 
5321 
9981 
1708 
10005 
12399 
4698 
5758 
5432 
11344 
18894 
18588 
18427 
17478 
1633 
9730 
15034 
8295 
19710 
17463 
18822 
16019 
15092 
2137 
1225 
10375 
6599 
5053 
15036 
18761 
5132 
16857 
12799 
1965 
4390 
11287 
4465 
4916 
11971 
2691 
11000 
8467 
8539 
13064 
1781 
6088 
18299 
2296 
19658 
14364 
5710 
19402 
11509 
10390 
40 
7389 
5073 
5594 
8778 
14215 
17175 
10442 
19853 
4273 
6675 
6275 
16160 
9244 
5191 
18911 
13192 
8881 
13846 
4133 
14527 
12802 
9407 
2697 
10238 
2471 
404 
9975 
17769 
8531 
15161 
10891 
16132 
3304 
6582 
5654 
4045 
16075 
17871 
14447 
13450 
15311 
3220 
16051 
19118 
3535 
15829 
181 
198 
15552 
16607 
15466 
14293 
11019 
6518 
9310 
5598 
15682 
17464 
5158 
18303 
17784 
5421 
5491 
13702 
2788 
7341 
13936 
9235 
16068 
990 
1696 
305 
9997 
3775 
5845 
8516 
3197 
1573 
12709 
15022 
15989 
153 
4668 
2643 
2113 
13606 
195 
14034 
9885 
14212 
797 
3040 
19677 
98 
17621 
3764 
6595 
10668 
7716 
10163 
9876 
17239 
12748 
472 
14998 
5265 
17431 
4866 
156 
9935 
4123 
8436 
16661 
4104 
6742 
2619 
8960 
5286 
5344 
8576 
17507 
13736 
7683 
2964 
4086 
10387 
9798 
11240 
10351 
7478 
7482 
365 
8851 
14025 
12778 
5408 
12951 
9965 
10684 
927 
17195 
12644 
14695 
17678 
1237 
9050 
1304 
10639 
9306 
11537 
10868 
13471 
15799 
3580 
6508 
12392 
502 
10296 
4258 
4347 
8465 
14117 
125 
7423 
8138 
11388 
17969 
19244 
18127 
2414 
3750 
15769 
5509 
5153 
10014 
10923 
12711 
19978 
16956 
17343 
16626 
10039 
4775 
19774 
11740 
17555 
10618 
6721 
14265 
316 
13147 
4898 
7452 
17141 
10539 
17756 
7484 
5214 
9220 
4476 
7471 
24 
739 
13059 
9065 
12040 
11280 
15440 
19312 
7143 
18194 
17415 
6643 
19633 
15017 
5720 
18719 
15860 
19410 
5971 
3770 
8403 
17397 
7147 
15177 
14260 
15230 
19363 
6921 
6669 
13417 
14695 
4941 
18304 
2416 
10858 
16187 
5678 
6174 
8147 
4901 
3614 
1040 
1329 
19767 
12733 
6726 
11227 
11963 
14118 
16487 
6187 
2264 
12293 
7856 
1906 
13098 
884 
12470 
18076 
6838 
17939 
8535 
16841 
13526 
12953 
8538 
5047 
19498 
1609 
7593 
11336 
6095 
12399 
4210 
4214 
8942 
17569 
18848 
4206 
10203 
503 
15214 
18891 
16719 
15124 
4570 
318 
18911 
16792 
15471 
45 
1148 
8189 
3915 
4647 
17303 
1743 
14874 
13704 
9225 
3345 
15819 
17641 
13775 
11640 
5360 
8834 
3582 
16368 
2103 
7480 
11304 
286 
18226 
16291 
18248 
7785 
19068 
18344 
5121 
1759 
9422 
10038 
13320 
259 
9685 
9079 
13721 
19708 
19275 
14988 
12780 
17228 
9769 
11684 
11832 
11752 
2919 
16309 
13842 
18890 
18340 
6102 
9514 
14383 
12842 
18393 
2334 
6792 
16875 
19981 
13630 
10228 
9345 
3475 
6315 
9333 
4969 
6500 
19745 
9415 
15407 
19729 
278 
2732 
18376 
8889 
10381 
7707 
18369 
10515 
6997 
15139 
3148 
7931 
10773 
9898 
17989 
8955 
17650 
7516 
2934 
12654 
8948 
12850 
5218 
4765 
6241 
4497 
11017 
12505 
13643 
18236 
19651 
16226 
19485 
19458 
6712 
4690 
1062 
6017 
1196 
18624 
6576 
36 
17764 
14277 
18358 
7667 
4980 
264 
1709 
1998 
7285 
149 
2530 
17701 
1331 
7314 
2711 
330 
6086 
15442 
15600 
19840 
6703 
11040 
8915 
18654 
3548 
14259 
6274 
6039 
11147 
6622 
19902 
6966 
3926 
283 
8174 
10644 
8454 
4419 
11733 
17336 
3365 
2080 
18151 
7766 
9761 
15286 
13903 
11155 
3268 
15650 
10740 
13441 
112 
14060 
6041 
7656 
1221 
6679 
18364 
18346 
9226 
9800 
17371 
18561 
15320 
14829 
16828 
2585 
2061 
17653 
14829 
6129 
1529 
10782 
12248 
8097 
12875 
11362 
13560 
2429 
348 
9735 
7178 
15104 
18732 
7733 
12268 
6402 
18178 
6246 
3921 
15007 
779 
974 
588 
18415 
18597 
13841 
14374 
825 
1110 
16682 
2208 
1049 
19096 
13254 
5826 
16483 
8093 
18659 
13784 
18154 
15700 
14525 
6849 
18082 
10325 
11493 
10307 
16364 
1208 
2940 
11251 
9217 
11005 
299 
12603 
10567 
5320 
106 
16288 
7309 
18796 
6925 
10426 
11163 
17422 
19702 
4845 
1111 
12205 
3912 
19471 
5364 
11641 
15585 
14717 
16448 
3472 
9111 
6624 
4295 
15360 
7113 
15250 
3813 
10115 
2690 
14930 
19091 
10878 
7481 
5919 
8908 
2014 
13073 
17541 
4955 
758 
6417 
14008 
16754 
14577 
1612 
65 
5989 
17430 
9782 
1257 
9217 
11382 
15357 
680 
3628 
15627 
17923 
7084 
19338 
13179 
11514 
14551 
12163 
15949 
10958 
4790 
7908 
3157 
16519 
8106 
19266 
5015 
17828 
19295 
7704 
12432 
2393 
5184 
43 
1286 
9612 
9024 
14508 
1802 
7840 
244 
8673 
15039 
15152 
3063 
1801 
722 
15665 
8935 
1235 
12729 
9351 
4257 
16328 
13027 
15835 
17874 
8024 
9947 
14443 
14825 
13991 
3092 
13913 
13829 
19322 
4559 
4131 
13092 
9491 
15753 
18371 
11023 
7322 
2557 
14339 
19983 
14603 
17120 
11742 
7205 
14039 
17975 
1741 
5826 
19889 
14833 
11081 
1485 
5700 
10745 
16120 
2007 
2320 
5164 
5760 
16274 
15286 
8310 
13389 
14020 
5363 
17460 
14876 
8636 
6922 
13772 
4425 
339 
3673 
11446 
3006 
12981 
7046 
12502 
2605 
5968 
11502 
13623 
2701 
3636 
11709 
6444 
8568 
14666 
4394 
19915 
13576 
11777 
14136 
12084 
830 
12879 
11107 
280 
17453 
18440 
11772 
6274 
5222 
10845 
2204 
19153 
4711 
7328 
8646 
4338 
15106 
7827 
7606 
7377 
7711 
2944 
16040 
19942 
4807 
9784 
4026 
3870 
13383 
2891 
18440 
1269 
1975 
19573 
7793 
14541 
3714 
9592 
7645 
11095 
4422 
2053 
17236 
8991 
8943 
18397 
1205 
552 
19785 
5110 
2713 
12406 
3361 
4104 
7273 
17216 
16298 
6179 
15149 
19633 
1320 
13088 
4382 
16230 
5945 
6582 
16434 
3767 
6653 
1902 
1692 
5826 
10744 
17429 
10381 
2871 
10521 
12302 
14881 
4712 
11245 
9545 
1375 
5809 
19049 
9028 
1203 
2576 
7300 
532 
7028 
11636 
16475 
10832 
18770 
994 
10639 
1838 
2935 
11606 
4991 
16757 
14991 
14673 
8301 
6571 
10459 
11267 
4995 
8457 
16747 
8583 
1359 
16774 
11096 
435 
1290 
5191 
10261 
6334 
3172 
2507 
9064 
14683 
7645 
3623 
13630 
15124 
14529 
11578 
14288 
4285 
11993 
15584 
1564 
727 
15861 
8087 
5381 
9775 
16098 
11191 
11945 
12360 
7873 
13592 
6554 
13712 
515 
2247 
11783 
16171 
9622 
3649 
17688 
15120 
3223 
6411 
18734 
13714 
16953 
8523 
2419 
2111 
15515 
4182 
13526 
6298 
9062 
10801 
16598 
5203 
6677 
17502 
413 
2511 
7424 
9526 
11198 
14331 
6163 
9557 
6887 
3070 
2885 
2428 
11646 
13024 
15277 
3382 
13375 
9352 
3194 
8133 
12824 
1348 
13458 
14747 
19536 
2772 
11178 
11962 
9114 
13304 
1257 
6968 
1679 
13118 
827 
2975 
11453 
19299 
2826 
19471 
10693 
7775 
15925 
18618 
8381 
12118 
9060 
3751 
6144 
5293 
10485 
16123 
1942 
15396 
9219 
18326 
5770 
16210 
1785 
12449 
1974 
3208 
1586 
1894 
13780 
11771 
13330 
4443 
12159 
4567 
1728 
19770 
9753 
12997 
6148 
16552 
1265 
9121 
8724 
17965 
18217 
10764 
17609 
4950 
7911 
1545 
11235 
1358 
9940 
13279 
11300 
14371 
6555 
6677 
1234 
1244 
17032 
533 
7889 
15462 
9673 
4217 
12737 
3852 
9970 
19401 
14145 
13925 
18922 
15270 
18858 
15548 
17067 
11405 
3523 
5637 
9670 
10767 
13210 
19862 
19263 
8263 
16305 
10753 
17252 
10229 
11429 
16547 
3666 
17831 
7180 
19749 
9538 
8139 
9201 
17882 
11312 
551 
5769 
1079 
2565 
2583 
18552 
18457 
874 
18914 
5660 
17215 
4527 
12202 
1941 
17583 
8561 
4655 
5374 
5062 
19612 
14203 
14930 
8409 
6898 
234 
2823 
5751 
7187 
5277 
19037 
5384 
17733 
11755 
7646 
1278 
17577 
16034 
10549 
3170 
3081 
13666 
19002 
7524 
7246 
16834 
3533 
2759 
7963 
18085 
10452 
11016 
12825 
11265 
16543 
8361 
18856 
13866 
14657 
16100 
16246 
18199 
11663 
16796 
17065 
7043 
11447 
2659 
7585 
344 
15935 
10420 
5132 
3344 
4192 
17236 
11834 
5861 
2849 
13367 
11435 
10045 
10247 
7493 
5274 
9375 
13149 
6279 
18064 
15809 
18002 
18097 
12053 
10663 
4884 
17837 
13085 
5078 
736 
13238 
17964 
13931 
5384 
11975 
8591 
10088 
1713 
12175 
250 
10365 
12815 
13009 
2091 
17513 
17630 
332 
1123 
16886 
10824 
104 
1939 
5347 
2637 
12156 
13581 
11149 
4365 
19545 
14658 
17199 
11881 
11106 
14627 
16790 
18087 
13158 
3002 
11896 
7667 
19818 
11528 
4682 
13850 
7757 
3821 
9542 
195 
4191 
10987 
18620 
13686 
4333 
19354 
18602 
2774 
2568 
9818 
16510 
7774 
15256 
12254 
7673 
8963 
7967 
9673 
2093 
16015 
3057 
15360 
3206 
16918 
19330 
1918 
10231 
14769 
5447 
14635 
19073 
17825 
7310 
16107 
7068 
19278 
19261 
14081 
10220 
18469 
10283 
47 
3145 
3238 
11338 
11738 
13667 
18678 
7456 
240 
2028 
6587 
8725 
7538 
7344 
2730 
10221 
14341 
3002 
2813 
12119 
9934 
15241 
15467 
5628 
2877 
1514 
508 
18358 
9491 
19456 
3316 
9357 
13225 
304 
7803 
5853 
4527 
18368 
18933 
13887 
2540 
3250 
3059 
11804 
2731 
18449 
14857 
4377 
16378 
10953 
13713 
17835 
3078 
7869 
17072 
12447 
19277 
3540 
16375 
5700 
4766 
18835 
2757 
12429 
15019 
4149 
15806 
12008 
6601 
6874 
4905 
2982 
5891 
12446 
9217 
17088 
10465 
2059 
17010 
15727 
16742 
14936 
3958 
17766 
17287 
15722 
10934 
18729 
19415 
14684 
8985 
7905 
12311 
5434 
8201 
1164 
4268 
15349 
19361 
139 
9693 
17212 
3786 
8750 
7143 
11522 
1797 
2355 
6295 
6511 
2466 
444 
12382 
841 
