1721 
2495 
8545 
12361 
2294 
7360 
20731 
10331 
7142 
24408 
18761 
11141 
3408 
4883 
10346 
14748 
1635 
19334 
23291 
11882 
10706 
17965 
19153 
1032 
24492 
17719 
9826 
19024 
8220 
23767 
12510 
5395 
14473 
21794 
5825 
21623 
23014 
4001 
3830 
8179 
10112 
12556 
10907 
8077 
23177 
16919 
17858 
17319 
535 
3219 
2202 
18550 
922 
14262 
6656 
19790 
21479 
24017 
22108 
16984 
14648 
16934 
3669 
3083 
4672 
13138 
21733 
7285 
20488 
336 
8099 
7215 
2714 
23096 
19316 
8680 
9895 
12091 
20760 
22918 
22674 
15455 
12620 
19746 
20586 
13114 
19462 
4966 
19221 
13063 
17767 
16239 
6888 
16605 
9907 
1724 
13626 
21146 
10135 
18020 
18523 
13877 
24202 
11109 
258 
2865 
2755 
1573 
13105 
17976 
13100 
20177 
16485 
13292 
17214 
2798 
11563 
18572 
7243 
19259 
24606 
20244 
19695 
11836 
3781 
10414 
16374 
7475 
18893 
21118 
12277 
7510 
22201 
13273 
12883 
6874 
318 
22525 
23037 
23672 
23670 
21032 
3675 
3317 
6964 
18463 
12598 
19029 
7087 
786 
12115 
20969 
15714 
2755 
3895 
3647 
14649 
14680 
16358 
9948 
22274 
6776 
13496 
9128 
17044 
11241 
22339 
19415 
15890 
3724 
13899 
21884 
16220 
16432 
12610 
11788 
14005 
18748 
5416 
17615 
13829 
13929 
22734 
6978 
22943 
16739 
9974 
3029 
18980 
15447 
15139 
3693 
8813 
12870 
3689 
18868 
4950 
16365 
21466 
14445 
16471 
12833 
1177 
12770 
2108 
21802 
11099 
9448 
18212 
16767 
1265 
20344 
24243 
17807 
16362 
11115 
12340 
16446 
6052 
4131 
24242 
13872 
13151 
9778 
17737 
9300 
7067 
7680 
9217 
5773 
24996 
16334 
1014 
14686 
11286 
24234 
5208 
19530 
15557 
13483 
15858 
21212 
1858 
8065 
35 
5566 
21443 
2585 
18976 
20335 
19921 
11322 
24413 
4845 
10438 
4995 
22667 
11318 
9754 
22213 
24549 
7728 
5105 
20312 
13360 
24014 
17490 
23544 
12616 
19257 
19026 
19264 
12205 
75 
11467 
16961 
2929 
5458 
8326 
7743 
13462 
22960 
23618 
23973 
20965 
18092 
4419 
20879 
19447 
6692 
18875 
13956 
24625 
12276 
20198 
23534 
2093 
16213 
12861 
9263 
15068 
11584 
9555 
21162 
6461 
2514 
725 
3391 
13519 
20910 
7346 
19046 
13671 
3632 
12700 
20172 
1372 
19887 
16353 
14756 
2634 
1129 
2684 
21131 
1311 
979 
5044 
875 
14044 
2279 
19492 
1825 
6911 
8300 
18426 
11800 
3912 
24834 
10635 
5645 
7321 
9595 
13042 
22495 
6643 
13859 
22272 
12769 
835 
11240 
9682 
5154 
11311 
19548 
17353 
2140 
6608 
6298 
1201 
13955 
24647 
24036 
16712 
4980 
6990 
7070 
2619 
20957 
18813 
6344 
23542 
2914 
1914 
16802 
19343 
21106 
13497 
4088 
6801 
15730 
2052 
3765 
3928 
17053 
20747 
24401 
1977 
12523 
16568 
13676 
26 
17832 
14645 
14609 
15080 
21351 
24337 
18539 
3267 
2998 
23903 
3464 
13757 
5176 
1969 
6759 
8799 
1091 
1456 
937 
23533 
1035 
5445 
11577 
21319 
24160 
8701 
7359 
6525 
15992 
17757 
4711 
2914 
1083 
22201 
2351 
2671 
7462 
8412 
5465 
23968 
22475 
9129 
10299 
2425 
10548 
11171 
14590 
48 
13389 
6665 
21130 
7597 
11693 
15989 
6429 
17771 
6592 
14154 
12311 
16323 
9494 
8521 
11214 
5743 
3367 
5921 
10223 
10680 
5401 
22068 
8843 
17518 
5339 
12084 
19291 
18886 
369 
5876 
20681 
790 
6301 
6931 
10304 
18582 
7064 
12872 
4856 
7142 
17625 
12282 
8101 
4542 
9809 
24295 
12151 
17455 
15821 
12687 
6254 
8140 
10206 
11842 
3103 
20567 
23035 
3026 
12108 
23248 
21608 
1786 
20054 
19887 
23419 
14339 
48 
21586 
9473 
17571 
18794 
4778 
11511 
17270 
17509 
20220 
23850 
9312 
17183 
437 
6117 
20747 
4941 
18916 
3222 
7829 
2043 
4759 
12386 
12480 
15259 
16842 
8785 
3024 
9788 
5560 
14959 
8922 
8962 
24775 
5495 
589 
17585 
13978 
13721 
23039 
9878 
14737 
4655 
1074 
14145 
15048 
4950 
13048 
23457 
10856 
23536 
18249 
9492 
9466 
15684 
24414 
8207 
22518 
16051 
12682 
8087 
16846 
18281 
8599 
6477 
17546 
12116 
1913 
10994 
20249 
18106 
13649 
13426 
4612 
1954 
18814 
12670 
13537 
13751 
18690 
14829 
11168 
3648 
11006 
11783 
6315 
13304 
20570 
6163 
19923 
20127 
21214 
14655 
18884 
7891 
14506 
4029 
22344 
15759 
22391 
4734 
13044 
13736 
11440 
23605 
1159 
16286 
12889 
1618 
941 
7535 
12017 
7422 
21095 
20835 
17463 
12224 
4161 
714 
7259 
17381 
769 
443 
8589 
10187 
13818 
3297 
15388 
2080 
6532 
17653 
7046 
17509 
18284 
566 
13523 
13622 
12259 
23813 
21078 
2503 
8354 
1625 
9669 
8746 
19599 
11704 
631 
1070 
22814 
7975 
16763 
19383 
21553 
21669 
16444 
3182 
2374 
24119 
15589 
5353 
16351 
19328 
11495 
19894 
11900 
9365 
1604 
13145 
13378 
13471 
22736 
4231 
11797 
14349 
13754 
22728 
24939 
14562 
6988 
15200 
24506 
14411 
22179 
20783 
5552 
7235 
15367 
21178 
16054 
13896 
24563 
24029 
5903 
18780 
7214 
16328 
4169 
19147 
941 
19712 
787 
6905 
14645 
1620 
14370 
14584 
8202 
23746 
20165 
2488 
11666 
8363 
1765 
9763 
18167 
18408 
20667 
4339 
7543 
13452 
3679 
22256 
24911 
16185 
8259 
3117 
21346 
6457 
3625 
21094 
2555 
6372 
8540 
18102 
7895 
9651 
7402 
7668 
282 
56 
2337 
11800 
13055 
12179 
21020 
16430 
6654 
1563 
14185 
4751 
9966 
17411 
19808 
19749 
7065 
15096 
6318 
21697 
4828 
18259 
12067 
8366 
15774 
3440 
17665 
16050 
10265 
10946 
20293 
1839 
15264 
9851 
16283 
9898 
11399 
20635 
1007 
16052 
21271 
18746 
9458 
20516 
9048 
14531 
4067 
22072 
5841 
18017 
3670 
12616 
20368 
30 
17729 
21197 
3309 
9740 
3395 
8240 
9547 
13492 
2845 
6203 
7879 
16096 
12776 
23694 
23570 
18183 
23364 
3004 
4568 
14343 
3071 
10467 
18436 
21992 
11550 
14921 
24770 
23908 
16748 
1281 
18857 
21896 
16491 
12692 
3052 
110 
6096 
18775 
21359 
11670 
8851 
7088 
22572 
15560 
1364 
9452 
3469 
18630 
15992 
5459 
1102 
8875 
24864 
18345 
5711 
6018 
7694 
22484 
18984 
18641 
24116 
8831 
10652 
5940 
12782 
24065 
5722 
961 
23352 
10275 
21758 
6918 
24628 
2024 
648 
13988 
13848 
2108 
17608 
12151 
4960 
13987 
11287 
24833 
1875 
18527 
6540 
7292 
13283 
12115 
24449 
18333 
15704 
711 
21937 
7261 
30 
9277 
4937 
4057 
15600 
10923 
926 
20247 
11027 
13942 
16580 
14749 
15284 
7200 
24191 
20257 
19469 
14214 
13478 
8228 
16553 
5872 
17955 
8603 
17047 
1220 
23764 
17976 
16652 
13588 
507 
21782 
20351 
21848 
16157 
241 
4860 
18288 
7532 
1494 
10905 
15964 
5314 
10617 
12114 
20219 
11001 
5655 
15254 
23766 
15296 
12442 
3209 
17008 
5413 
5245 
109 
14765 
6582 
11753 
3003 
18381 
3454 
16686 
15356 
2802 
13998 
6328 
2214 
4845 
8538 
24383 
10514 
13347 
4299 
6050 
10892 
733 
14482 
13775 
5569 
22190 
3824 
22038 
7384 
15631 
23144 
19524 
23156 
11069 
21429 
4695 
10021 
16103 
12449 
7817 
8900 
18401 
18236 
10406 
24146 
24997 
7891 
18136 
5580 
21287 
24731 
11991 
22210 
16028 
22983 
8035 
5231 
796 
18205 
17612 
17492 
15303 
22874 
6774 
11331 
1620 
16647 
21052 
4345 
14445 
19669 
12747 
1812 
4664 
8198 
19391 
8354 
14594 
12666 
3386 
11891 
7324 
2120 
16727 
3184 
8272 
1699 
3390 
725 
2278 
20430 
225 
577 
16335 
14578 
9916 
3880 
12541 
23159 
11934 
18891 
4006 
9178 
11797 
17285 
6725 
2607 
4849 
4816 
20650 
8178 
23330 
16863 
11175 
5260 
13159 
19174 
15102 
8559 
11668 
18270 
16229 
19253 
18966 
23345 
2317 
13335 
19092 
11940 
22707 
21192 
11661 
9393 
11705 
7599 
17186 
12436 
15905 
8071 
7515 
16359 
7522 
24421 
8454 
3250 
4225 
7023 
3680 
17675 
13449 
14860 
18179 
14762 
19186 
14918 
6156 
24674 
19439 
10619 
15835 
11433 
19016 
6958 
11011 
23117 
11389 
23760 
21083 
16871 
13316 
7477 
2432 
13961 
8460 
11190 
7761 
18719 
3917 
10026 
22802 
12155 
8246 
20151 
4439 
8887 
6049 
5289 
22288 
21125 
21600 
2764 
4184 
8211 
22472 
8186 
6979 
14119 
4327 
3802 
22703 
2127 
8401 
1584 
14486 
9189 
12634 
17546 
2282 
4230 
11137 
21317 
62 
11417 
8379 
3352 
16207 
7194 
12986 
11997 
15610 
7000 
24327 
24285 
3936 
6 
17263 
12503 
23979 
22767 
6024 
1100 
5257 
24871 
9020 
10376 
13685 
5438 
7310 
5480 
5678 
13595 
24705 
22870 
10814 
16626 
17306 
8978 
13285 
3380 
2584 
2906 
7675 
5473 
4147 
8536 
4122 
8764 
20823 
10688 
3910 
5287 
9286 
21494 
20576 
14383 
14078 
11131 
11894 
19233 
11792 
11228 
165 
20523 
6800 
9725 
23600 
10344 
18597 
1783 
6005 
11375 
20616 
13871 
12933 
15688 
21720 
7934 
635 
15584 
23002 
6555 
14126 
9022 
9713 
24399 
12595 
11961 
22967 
10319 
160 
23272 
17408 
10378 
22552 
14643 
15272 
5686 
2433 
22423 
9269 
6813 
17523 
19646 
19980 
6677 
18760 
11566 
3718 
9975 
1834 
10652 
8017 
21789 
19877 
23728 
8720 
17874 
16189 
16739 
19421 
12973 
7027 
5779 
18324 
9751 
9610 
16622 
20196 
6654 
17618 
21577 
10712 
10479 
13535 
1483 
16488 
4798 
367 
13379 
10998 
2403 
6695 
23558 
12122 
6642 
6766 
7910 
19174 
2647 
20156 
23109 
13831 
13460 
7582 
22746 
23687 
13386 
14269 
19092 
21415 
17770 
20230 
4794 
19831 
9639 
2225 
22235 
10903 
23233 
19510 
8593 
24685 
8228 
8361 
14138 
14178 
19506 
1444 
2343 
21153 
14490 
2695 
22036 
11447 
8951 
6759 
13457 
957 
15337 
21428 
13168 
11627 
15866 
20347 
14801 
1143 
23731 
19557 
1592 
10510 
4040 
19150 
21731 
12675 
8870 
6775 
20551 
5775 
2076 
22918 
20574 
1767 
12712 
7684 
20596 
23300 
4704 
18005 
19841 
4900 
13985 
19967 
8152 
2916 
14185 
23957 
5288 
1135 
24891 
8273 
21288 
21260 
14037 
7587 
8097 
7204 
21946 
12823 
22548 
13268 
17935 
13795 
22180 
6809 
10147 
11340 
4950 
9024 
9213 
22440 
5068 
21939 
4311 
1199 
5347 
22239 
11122 
1516 
12291 
2687 
9302 
17042 
8274 
16300 
14361 
739 
5542 
8971 
23697 
7475 
20045 
5477 
19405 
7492 
20425 
5765 
2068 
13156 
13187 
16110 
15867 
17267 
8211 
20202 
4672 
9782 
13534 
10165 
18182 
10732 
1752 
22519 
14209 
16820 
6821 
21786 
21873 
8909 
12972 
24640 
8350 
3302 
16223 
20940 
22005 
2275 
12215 
5603 
6615 
17509 
10445 
15900 
7402 
8592 
4921 
6300 
6738 
279 
14581 
13872 
4485 
12179 
20837 
6871 
5116 
415 
23383 
24415 
1148 
1194 
13712 
24427 
5443 
19854 
24968 
5637 
8786 
14033 
16596 
13505 
23699 
10137 
13239 
5961 
13578 
11908 
24301 
16630 
10893 
13738 
15715 
12350 
12308 
13445 
16110 
19174 
16734 
22012 
13271 
3798 
15150 
23419 
4397 
24598 
20005 
15669 
15937 
22832 
5672 
18543 
8892 
2357 
19821 
23657 
5714 
17764 
4721 
13212 
17391 
2244 
18022 
19577 
14750 
19853 
11334 
10026 
21056 
10008 
22435 
13665 
2742 
11256 
24410 
3271 
14154 
21327 
12737 
7165 
22478 
6439 
8649 
14731 
10397 
23298 
14876 
17614 
14709 
3564 
14623 
8915 
649 
20805 
14468 
9120 
22930 
13908 
3776 
18977 
2690 
16513 
22207 
8809 
6062 
12855 
8505 
5626 
1855 
1325 
12251 
4560 
11310 
21044 
4467 
15412 
7955 
14747 
21363 
19016 
17388 
20 
7541 
17717 
10832 
23799 
12470 
11124 
15456 
9030 
23345 
13899 
389 
1737 
13481 
14531 
24711 
15935 
1710 
10919 
20282 
14552 
9912 
15832 
14400 
5908 
2504 
7995 
4663 
5085 
12236 
24171 
266 
6588 
22761 
16877 
9802 
20625 
2842 
21855 
20667 
12327 
2256 
21888 
15580 
12637 
15311 
17715 
14638 
7446 
8272 
5654 
20668 
4050 
14631 
12173 
19251 
2903 
23833 
65 
21811 
23717 
19124 
13389 
20894 
14393 
9910 
11640 
4102 
7428 
2197 
11135 
13792 
1515 
1682 
14360 
15937 
18449 
15933 
19769 
24419 
5088 
4544 
24948 
7939 
24557 
13382 
5540 
24751 
21288 
13104 
4569 
3315 
8201 
18449 
6906 
11979 
16762 
20863 
14390 
11404 
21205 
13242 
2699 
572 
24502 
14953 
10 
7899 
7255 
17307 
23761 
1023 
15208 
8888 
5607 
20982 
9060 
5010 
21115 
22667 
7305 
3188 
20276 
648 
19024 
19582 
631 
1478 
10910 
17883 
19678 
2320 
10567 
21027 
6036 
500 
14040 
18297 
20204 
859 
24450 
8606 
15561 
13650 
23575 
9661 
9416 
323 
16781 
18832 
6076 
15711 
15721 
18432 
15666 
11130 
15206 
86 
769 
23189 
6884 
15910 
3344 
15390 
14635 
23742 
12873 
13927 
5984 
5577 
3098 
16466 
13183 
6000 
13674 
24428 
2862 
10478 
1689 
15547 
18047 
17492 
3054 
7066 
24607 
9325 
20336 
1098 
15744 
2985 
9017 
17201 
5584 
13825 
24119 
18358 
15479 
19599 
5384 
8951 
18946 
16928 
15047 
9298 
14989 
2387 
7162 
3913 
12948 
18067 
19862 
3688 
16914 
16125 
21222 
10358 
13860 
11691 
168 
22516 
18406 
21358 
23637 
17218 
12258 
22657 
10140 
24678 
19930 
11858 
15819 
20144 
14474 
19562 
1081 
10653 
20468 
5218 
16518 
1710 
12724 
12135 
7441 
1977 
3053 
257 
16774 
10507 
16999 
15628 
6874 
618 
9846 
18926 
12274 
24514 
20578 
13562 
18370 
20959 
2830 
19684 
23948 
5438 
13187 
1124 
10181 
5874 
2115 
13199 
3203 
15058 
15588 
2842 
13096 
834 
24014 
18627 
16131 
14889 
4718 
4400 
19582 
226 
17585 
8856 
9253 
24384 
7795 
3692 
24776 
13689 
21546 
1848 
7635 
868 
6662 
24408 
15419 
7266 
21891 
2554 
15935 
21281 
24511 
13183 
19046 
24435 
7115 
19987 
2955 
22134 
14003 
16534 
3350 
10795 
9258 
18165 
24864 
12239 
18492 
24083 
21958 
700 
24159 
1841 
11434 
1580 
21852 
4190 
14053 
19128 
1355 
14848 
13629 
22755 
16468 
16966 
11693 
3937 
8609 
15636 
22142 
14290 
11339 
1071 
9436 
10069 
4519 
14213 
13059 
23248 
20428 
5002 
15396 
3171 
15043 
638 
7933 
2745 
17352 
13285 
15326 
658 
17015 
22309 
504 
5051 
22930 
4660 
23985 
10239 
24826 
2113 
14175 
10358 
17217 
23250 
23046 
16957 
22189 
23869 
17894 
8015 
21044 
727 
9768 
19901 
21179 
24602 
23662 
4813 
5074 
2890 
4255 
23901 
16866 
1567 
15038 
4528 
15576 
11791 
13795 
12586 
11362 
23879 
20778 
20409 
3294 
10593 
15616 
12907 
8610 
317 
22291 
5232 
11825 
4887 
3262 
13966 
21519 
14232 
16505 
8918 
12545 
23193 
10716 
24303 
23825 
22616 
12478 
24025 
12128 
9197 
2256 
748 
11339 
15333 
533 
5995 
22294 
23507 
7373 
18170 
13811 
7654 
874 
18119 
12256 
10777 
1984 
15723 
6557 
14955 
24866 
12113 
9110 
10306 
5813 
22182 
22448 
19697 
2216 
22062 
21450 
19121 
20341 
23734 
15548 
12400 
10419 
18827 
3954 
804 
2564 
21032 
10337 
14805 
13544 
6625 
805 
13229 
5406 
19991 
2633 
16535 
24184 
14652 
22766 
4544 
8250 
17359 
7893 
12150 
24546 
14031 
7089 
4560 
22393 
8996 
8265 
16543 
10377 
5146 
13395 
17636 
1331 
4561 
11662 
23961 
2552 
22032 
5485 
19377 
8831 
6434 
19176 
23253 
14126 
426 
10581 
15589 
16696 
11521 
18412 
2413 
15746 
488 
20000 
3269 
6533 
12210 
23770 
15198 
434 
6751 
7568 
21536 
618 
6385 
20363 
17180 
22116 
14102 
3032 
21884 
23052 
20098 
24146 
15162 
883 
9630 
17076 
2561 
8690 
61 
7484 
3202 
3239 
6819 
11552 
7453 
21039 
8731 
167 
16368 
3208 
4592 
9636 
17593 
13531 
10278 
5534 
12744 
10675 
23941 
18653 
18697 
8383 
14344 
4615 
5878 
23436 
9025 
5060 
3686 
18240 
7172 
2244 
21063 
3158 
7002 
22363 
17075 
4252 
9850 
6584 
12901 
1307 
20828 
931 
238 
12573 
24067 
366 
12506 
8995 
3272 
19219 
8909 
3354 
11605 
22198 
12805 
18378 
21484 
13853 
11305 
6776 
13239 
11774 
1629 
10847 
18635 
22599 
1937 
2254 
6953 
22054 
18550 
21323 
1175 
4214 
20854 
16766 
16959 
16819 
19332 
13306 
5917 
21091 
194 
18426 
20484 
18093 
10564 
11581 
24591 
18928 
24427 
2628 
15725 
2821 
12440 
2842 
5148 
2926 
10189 
23522 
20990 
19517 
14681 
628 
3801 
23532 
16662 
5962 
2998 
8235 
10904 
23737 
11225 
177 
2268 
3092 
2094 
10050 
22281 
24256 
3727 
3545 
12080 
24020 
2611 
24047 
22190 
19636 
12545 
20358 
4630 
10208 
13032 
2632 
8309 
10823 
20115 
5387 
8619 
9284 
11746 
12876 
13399 
19510 
2109 
20732 
24075 
19371 
1395 
17166 
22333 
1126 
15454 
11215 
4324 
16681 
4926 
23830 
3858 
10980 
8365 
14328 
2375 
4750 
15687 
2949 
23465 
23035 
17538 
16596 
9485 
7395 
14131 
11114 
16305 
24875 
14853 
3513 
19689 
22878 
6122 
21933 
21254 
2329 
2799 
18559 
6581 
3945 
17979 
24613 
23443 
23719 
8862 
7354 
6182 
10658 
11710 
12726 
18597 
11616 
13305 
6846 
20835 
16921 
18944 
1740 
2760 
1999 
22335 
13400 
6546 
3003 
9596 
7573 
11696 
6414 
20365 
22056 
15774 
3607 
15412 
9452 
3603 
6248 
10 
2687 
24262 
17517 
10965 
6815 
4767 
11977 
16633 
1424 
7514 
7554 
11550 
24380 
16604 
56 
11324 
9042 
21033 
21837 
24064 
18521 
23292 
4443 
8389 
22250 
3884 
2663 
21219 
21183 
18831 
20709 
4025 
16300 
21519 
4876 
7933 
11236 
2755 
6601 
5710 
18491 
9774 
11184 
836 
10641 
647 
22741 
16692 
18046 
4028 
5252 
19534 
11846 
1015 
2612 
20411 
24899 
8641 
23581 
23308 
12353 
7184 
19846 
5344 
20642 
7291 
4604 
12856 
23229 
13891 
14534 
13058 
12341 
5847 
19983 
24489 
16826 
15911 
6012 
11755 
11441 
7232 
10828 
15917 
8816 
24677 
2679 
21542 
2511 
24260 
23427 
3666 
16920 
4622 
20504 
4314 
12592 
14696 
2802 
6196 
8885 
19688 
10573 
13538 
23123 
24933 
24433 
10731 
17607 
12045 
246 
3378 
21136 
11665 
822 
6734 
9905 
16311 
