763 
18 
118 
149 
3063 
1800 
2607 
1455 
219 
2581 
1336 
2437 
1041 
1596 
3224 
1105 
809 
52 
647 
1495 
2151 
3239 
990 
3310 
2214 
676 
2879 
2153 
65 
1594 
131 
928 
3384 
2076 
2129 
1779 
1055 
2277 
2349 
1348 
579 
302 
3471 
2977 
3138 
831 
407 
606 
3260 
3437 
2026 
1262 
3087 
2728 
1651 
426 
2933 
552 
958 
511 
1167 
1207 
2600 
2272 
3268 
2329 
257 
2849 
1830 
922 
1688 
1473 
3049 
365 
2650 
2394 
1987 
111 
2926 
1874 
2679 
2276 
2728 
2771 
2051 
1586 
1060 
1514 
3198 
386 
77 
1588 
2677 
2414 
647 
3392 
2484 
414 
2206 
3410 
2966 
2619 
2898 
770 
404 
1263 
22 
3166 
320 
1452 
455 
1948 
2588 
3083 
1555 
1205 
3484 
1357 
2332 
151 
702 
671 
533 
1140 
3257 
1271 
2125 
126 
3293 
1679 
1794 
1111 
2967 
1345 
1071 
2342 
1148 
2023 
1743 
767 
3400 
2348 
3466 
1230 
3152 
1102 
2618 
432 
1201 
1076 
1759 
1458 
949 
2723 
113 
1862 
673 
2634 
1528 
59 
2787 
718 
379 
2597 
5 
1227 
3425 
947 
1894 
1104 
845 
2816 
25 
3148 
2338 
1270 
797 
592 
372 
2790 
3140 
606 
3086 
2022 
1076 
208 
1691 
2266 
1622 
1854 
3053 
2160 
2971 
1941 
1751 
1178 
2169 
1418 
3282 
1989 
2214 
1035 
687 
2996 
1712 
1479 
510 
391 
10 
38 
2443 
2180 
3269 
3311 
1223 
519 
1555 
2481 
2395 
2739 
563 
1133 
2492 
1626 
3337 
1444 
2300 
2237 
356 
3440 
1645 
691 
2446 
2115 
1755 
2657 
415 
2814 
2449 
845 
1658 
2714 
1267 
788 
3451 
3312 
2246 
1051 
224 
98 
129 
561 
475 
2150 
2960 
2120 
342 
1986 
199 
2178 
3499 
96 
693 
819 
859 
118 
2259 
99 
2473 
1963 
455 
1801 
2265 
2335 
3430 
1726 
3380 
1578 
2334 
626 
1392 
2487 
1054 
1660 
1811 
257 
152 
1886 
3113 
1563 
2803 
2205 
229 
360 
1697 
873 
3479 
2067 
296 
3057 
1391 
1506 
3365 
1301 
2197 
860 
1517 
2727 
1096 
1085 
905 
2745 
2933 
471 
627 
354 
1490 
3026 
3047 
1359 
1203 
621 
1519 
3276 
1505 
2630 
421 
2835 
1784 
2308 
3080 
68 
1504 
2381 
1382 
2310 
3036 
1745 
2389 
953 
435 
3123 
1149 
2754 
2380 
1557 
2965 
1274 
2874 
1384 
3054 
