3102 
165 
2719 
544 
4456 
1112 
1338 
2067 
4656 
3801 
2337 
250 
4966 
1349 
2374 
4796 
2717 
993 
3919 
4338 
4424 
1127 
3434 
48 
4145 
1900 
2613 
4504 
2614 
2626 
2728 
522 
30 
3200 
3625 
3418 
970 
2578 
1281 
3078 
2047 
3263 
4853 
3122 
1615 
250 
3490 
2948 
2412 
297 
1941 
3174 
251 
1446 
3353 
4725 
3395 
2282 
1500 
1300 
939 
2202 
1457 
737 
4316 
2169 
4273 
2593 
3265 
4407 
4296 
2858 
3885 
4483 
2883 
171 
849 
2521 
1190 
2757 
305 
3292 
2009 
3176 
647 
2976 
1824 
1905 
4307 
3594 
1633 
599 
360 
845 
4833 
1103 
3803 
523 
3454 
3312 
3593 
4018 
1975 
2424 
701 
2712 
3551 
618 
3411 
157 
573 
4353 
2825 
4833 
1719 
4409 
3641 
4295 
2702 
337 
4853 
2869 
2120 
1303 
2181 
1754 
1314 
3087 
4285 
2207 
4570 
636 
3893 
4196 
306 
1665 
787 
1820 
142 
2903 
4917 
65 
2944 
2423 
4591 
1979 
1393 
4536 
4327 
3964 
4638 
3657 
4968 
3265 
3229 
1867 
4376 
1501 
1640 
3212 
3260 
4089 
1651 
689 
1692 
1069 
3206 
4306 
4024 
4143 
4962 
3785 
1504 
111 
1132 
1077 
4471 
4643 
117 
4948 
3885 
4803 
414 
3349 
3452 
4915 
274 
2440 
4969 
4405 
3500 
1540 
3073 
1802 
1216 
1976 
4304 
880 
2677 
3285 
3197 
2636 
2960 
1270 
2569 
330 
1734 
1944 
422 
1326 
1426 
3509 
1996 
4294 
3207 
120 
2263 
1855 
4198 
2144 
3759 
51 
1909 
942 
4726 
2338 
3687 
4418 
2545 
2045 
1446 
3335 
3865 
2242 
3395 
41 
4502 
1338 
4307 
1353 
3061 
4823 
3902 
2430 
4466 
622 
820 
305 
2539 
2671 
1334 
1309 
4512 
1750 
2873 
3704 
2811 
1607 
2787 
3405 
2668 
2505 
3396 
3853 
2323 
1977 
1690 
2024 
2698 
4483 
2816 
2807 
2102 
2046 
3267 
4949 
4900 
3491 
2790 
1791 
1573 
2259 
2164 
3626 
2596 
4091 
4667 
3678 
3277 
2097 
4562 
4489 
795 
3494 
3165 
2854 
4733 
3697 
1378 
3843 
2944 
3069 
2548 
4912 
3431 
49 
1242 
1576 
1655 
559 
1366 
3010 
2994 
3411 
3727 
4299 
1423 
1740 
3369 
3056 
53 
607 
2075 
4346 
3804 
3097 
3238 
1026 
3449 
456 
2938 
761 
3925 
4973 
3014 
3546 
837 
3009 
2170 
767 
4541 
253 
246 
3849 
646 
508 
4194 
4336 
4182 
1722 
2444 
3137 
1502 
4989 
2774 
3859 
3406 
3849 
4951 
3447 
3404 
3117 
2061 
1245 
1183 
407 
4175 
1088 
1348 
2692 
2446 
4523 
581 
3097 
2126 
3389 
2764 
2227 
256 
3799 
205 
2937 
1534 
3003 
1045 
375 
4927 
1048 
1499 
1971 
2505 
4901 
2978 
1574 
3689 
231 
1605 
3249 
1209 
1798 
3899 
2905 
3386 
3171 
3148 
4503 
4871 
2265 
2020 
2313 
4348 
1888 
1066 
394 
1870 
3777 
2084 
2252 
561 
3195 
1935 
2227 
2206 
3826 
3877 
1156 
3930 
1785 
3627 
1511 
4035 
3410 
1170 
1766 
1366 
2923 
4344 
298 
1978 
210 
4556 
3483 
3927 
4201 
101 
3377 
1803 
3272 
4418 
4871 
1260 
3519 
4999 
282 
2829 
3364 
4664 
1154 
3234 
148 
2237 
2689 
1982 
4807 
4239 
4152 
153 
794 
1431 
94 
3705 
3158 
989 
921 
4194 
93 
1821 
4065 
4673 
1088 
921 
1627 
1911 
840 
2320 
3483 
2937 
2859 
2696 
4412 
3310 
939 
1319 
1514 
968 
414 
2549 
3089 
4312 
66 
2451 
