5901 
2965 
4314 
6677 
3976 
5659 
7357 
5891 
1869 
5284 
4470 
4184 
2413 
3915 
6443 
3885 
2453 
4534 
7471 
4967 
905 
3830 
1152 
3785 
1099 
1277 
5731 
1049 
4555 
1923 
597 
1019 
7059 
5491 
1067 
7052 
4373 
1722 
1173 
5414 
5693 
5063 
6216 
4273 
5292 
6186 
1242 
4858 
5234 
204 
3650 
4552 
3852 
5918 
2974 
2299 
769 
3001 
5365 
2652 
7027 
4962 
482 
785 
3102 
165 
5154 
1444 
2245 
5990 
6947 
3013 
4621 
3409 
6573 
6485 
5833 
7069 
3350 
5640 
5067 
2110 
1284 
510 
1382 
6161 
2498 
1594 
4640 
5719 
7295 
4112 
6902 
5334 
514 
1932 
6142 
1362 
2120 
6497 
7340 
582 
1461 
5350 
4390 
7245 
2283 
6883 
3334 
7035 
4845 
5340 
4539 
2694 
6637 
4542 
63 
2508 
3218 
2360 
4388 
5102 
5940 
5007 
3017 
7343 
3712 
2965 
7073 
7143 
5480 
5870 
7351 
6552 
1236 
5079 
7026 
6875 
3119 
6920 
914 
3017 
1595 
1711 
3627 
3019 
2473 
5292 
3443 
3356 
6495 
4553 
1851 
5360 
3611 
2136 
57 
877 
4116 
2039 
4337 
81 
4346 
1298 
4264 
7040 
4414 
611 
5825 
7258 
3948 
4756 
7044 
5376 
2544 
783 
968 
3866 
711 
6562 
3857 
2353 
7353 
4301 
6900 
1007 
1105 
6888 
3103 
678 
1351 
1066 
5475 
3647 
1827 
2795 
1769 
4024 
1296 
2026 
1606 
3489 
7125 
373 
6508 
4741 
7262 
6143 
4745 
406 
4766 
4586 
7068 
1066 
152 
658 
1378 
6542 
2422 
2477 
7431 
1455 
101 
4918 
1066 
2023 
1147 
7332 
4606 
1896 
2402 
2679 
3603 
2920 
5943 
3538 
4756 
1366 
4102 
3423 
999 
3715 
890 
2652 
7304 
157 
144 
4175 
600 
6583 
1303 
2900 
7410 
6254 
3175 
2052 
6603 
1915 
5786 
1430 
970 
6124 
3842 
652 
265 
2477 
3622 
5548 
1678 
4575 
4390 
4569 
3475 
4606 
6806 
4569 
1248 
653 
3128 
1636 
1488 
3824 
5181 
3724 
1304 
4563 
2137 
5088 
655 
2413 
6712 
137 
5620 
1361 
2226 
2436 
2330 
6196 
5338 
1393 
5815 
1877 
119 
1721 
775 
2669 
93 
528 
5019 
17 
3169 
3072 
6191 
2493 
4459 
2176 
5461 
6320 
6113 
27 
7237 
3707 
3347 
6929 
2857 
1751 
6631 
737 
1711 
370 
6105 
2542 
3991 
2277 
654 
5355 
1543 
6766 
6193 
585 
4289 
5228 
1081 
6819 
7308 
360 
4945 
7467 
5773 
6240 
5390 
4603 
1841 
6569 
1430 
4251 
5851 
6716 
4007 
372 
6303 
4889 
2363 
3519 
703 
5801 
5489 
1987 
4570 
7390 
2853 
3021 
7198 
6238 
3422 
6238 
4977 
5300 
5332 
5741 
5621 
364 
2697 
4887 
6489 
413 
2070 
582 
5580 
3659 
390 
1088 
5 
5959 
3633 
1269 
311 
3542 
1506 
3257 
723 
321 
3377 
3649 
4515 
5683 
3157 
845 
6333 
6018 
7010 
7095 
75 
5270 
2464 
1558 
5370 
1956 
4973 
1576 
2020 
566 
847 
1027 
1681 
737 
6483 
4489 
882 
3334 
937 
5058 
3853 
265 
4933 
1842 
6709 
5774 
5001 
2623 
4897 
5766 
3171 
2079 
1811 
6551 
4160 
3753 
4073 
1043 
6605 
3638 
6718 
6761 
3296 
6116 
2751 
732 
1887 
6489 
4524 
4258 
4081 
6396 
4351 
3098 
993 
335 
247 
3854 
2791 
2748 
3931 
356 
1888 
2990 
2145 
378 
5699 
1022 
4435 
3140 
4340 
1301 
713 
3492 
5107 
1379 
553 
6614 
2143 
2575 
4133 
4070 
5426 
120 
2240 
5940 
242 
5773 
3220 
4463 
3256 
1163 
2883 
4981 
525 
2249 
4796 
3884 
5900 
4143 
3842 
170 
6632 
674 
2758 
6901 
2339 
3920 
953 
2848 
517 
3897 
3949 
2587 
1496 
4977 
4461 
5346 
592 
6436 
6870 
3384 
1878 
1302 
1354 
3173 
6602 
4522 
2334 
6742 
3640 
4393 
5315 
225 
3574 
5549 
4590 
3827 
4974 
1947 
6874 
1678 
6164 
6429 
532 
771 
6428 
3738 
7417 
5471 
6065 
5258 
4591 
1442 
2129 
3372 
5147 
6541 
4695 
7181 
6399 
3491 
3453 
3759 
2657 
4774 
7111 
746 
1465 
7455 
7047 
88 
4683 
3520 
7265 
1919 
5132 
1545 
6803 
4862 
6526 
4430 
2583 
7145 
2749 
2591 
294 
2637 
648 
3202 
128 
2336 
5789 
7273 
1631 
487 
3449 
4462 
1208 
7281 
284 
273 
3306 
6067 
1400 
85 
2231 
769 
6667 
2636 
6575 
5172 
4575 
6290 
2411 
4663 
3290 
5328 
6091 
4709 
1281 
5688 
4417 
6803 
681 
5816 
7052 
3484 
874 
4456 
7278 
3706 
5578 
2498 
5226 
1882 
1758 
1614 
1397 
4056 
1759 
1611 
7204 
1200 
5996 
2807 
2223 
2530 
2267 
4521 
283 
382 
2139 
1686 
4745 
7130 
5296 
4506 
947 
2526 
3252 
2132 
5632 
6363 
2394 
6753 
768 
1514 
564 
1782 
3445 
1540 
6573 
5651 
384 
5682 
6280 
4585 
5891 
4214 
2527 
6605 
3982 
1908 
6080 
2426 
3704 
6061 
7376 
2722 
6430 
5901 
3227 
5252 
2705 
5187 
4394 
5841 
3864 
2531 
2168 
953 
2357 
3170 
4853 
558 
6440 
4139 
6260 
539 
4419 
7443 
3130 
7044 
7436 
4177 
6275 
3646 
456 
2438 
1824 
527 
3893 
5388 
2328 
3479 
1704 
2264 
5202 
6950 
3612 
5397 
3315 
461 
2587 
44 
2424 
3904 
7290 
