7593 
9547 
3516 
26 
2339 
1164 
3991 
8936 
5264 
7466 
5193 
6177 
3017 
9610 
2832 
8286 
5867 
4956 
3041 
6604 
6028 
9938 
5866 
645 
4950 
1567 
6365 
8845 
6864 
216 
8114 
3087 
763 
8364 
8629 
1976 
6287 
7487 
6973 
4802 
2787 
5251 
3143 
1910 
2378 
4928 
8172 
6391 
506 
1587 
2857 
7810 
1680 
7746 
7250 
1816 
4627 
5616 
4260 
7071 
9693 
9849 
6965 
9660 
7978 
8676 
6204 
9967 
7864 
184 
9808 
8029 
1347 
79 
9346 
4174 
1144 
7875 
9483 
8337 
6176 
851 
8813 
357 
2403 
9655 
6108 
5534 
4761 
6563 
1842 
2386 
1864 
1979 
9694 
1405 
8692 
9994 
5756 
1933 
4333 
5079 
2227 
3222 
3431 
2751 
584 
3243 
5785 
4019 
4330 
4612 
5468 
8182 
1021 
3948 
7145 
7107 
2084 
5545 
2086 
3321 
3149 
4087 
3175 
8754 
5017 
3081 
7454 
3305 
7444 
2574 
9852 
8590 
9445 
7606 
381 
4593 
7407 
3579 
652 
6336 
6499 
8518 
7301 
810 
5503 
4192 
6125 
9084 
366 
3070 
4993 
1986 
8318 
992 
1009 
8456 
4127 
5840 
372 
8056 
8827 
9844 
4655 
5259 
5255 
3234 
6291 
3773 
6943 
4015 
2316 
5556 
7239 
6116 
1102 
639 
3080 
2132 
1857 
3507 
2983 
9177 
4270 
549 
8867 
9681 
7877 
5240 
583 
4304 
7311 
2389 
459 
2222 
577 
1627 
4625 
1759 
2015 
4233 
8106 
8339 
618 
3670 
185 
6301 
9628 
6505 
7059 
8219 
2057 
7449 
6059 
3082 
5495 
7466 
2342 
6517 
1397 
4268 
1388 
6189 
7081 
9170 
5412 
4280 
6768 
4121 
7173 
5235 
9151 
5907 
6649 
3380 
4369 
4435 
3778 
3400 
8530 
5949 
1717 
6037 
2035 
9892 
7920 
8265 
2610 
1593 
6902 
4503 
7487 
7018 
3701 
4925 
7479 
3985 
2981 
3367 
7615 
4416 
8547 
779 
6072 
244 
9848 
9140 
1902 
9794 
5945 
3930 
1293 
1542 
6966 
7776 
7895 
3449 
5102 
8221 
915 
7561 
4658 
2003 
6089 
104 
4645 
5130 
7857 
8762 
9910 
525 
3177 
9280 
9452 
352 
9345 
6724 
6971 
7178 
8389 
6561 
3772 
6451 
8016 
1260 
2753 
338 
145 
6105 
5341 
40 
1827 
8623 
7397 
5310 
6560 
9939 
2851 
9232 
9960 
1959 
6881 
1860 
8498 
9258 
6559 
7205 
7918 
6896 
2164 
8571 
1961 
7044 
4243 
8523 
588 
4399 
5578 
866 
482 
5566 
725 
2614 
7501 
1991 
4290 
3454 
8767 
1217 
9455 
8514 
4175 
1913 
9858 
1446 
9366 
4819 
8841 
3039 
6465 
1872 
9619 
5187 
7257 
8963 
4900 
2254 
6434 
673 
2897 
220 
9154 
8339 
9059 
1876 
4369 
1450 
5841 
8928 
3317 
4790 
4408 
9547 
6559 
2859 
3253 
9389 
4495 
6515 
8540 
5981 
7087 
2020 
8021 
3075 
7838 
7912 
4250 
3452 
8278 
2196 
1774 
6544 
817 
668 
7093 
5966 
1824 
7030 
4626 
9403 
1007 
9315 
4666 
9061 
6470 
7036 
6751 
6240 
741 
4684 
4131 
2194 
4693 
8804 
7132 
8635 
4893 
2893 
4138 
5800 
8737 
380 
6344 
2609 
2827 
6811 
4675 
9767 
2389 
6994 
1253 
2314 
8599 
2656 
9010 
8399 
6040 
6744 
8982 
3826 
8611 
5541 
4989 
1864 
926 
4944 
6799 
1569 
8731 
3538 
6573 
7034 
1733 
3177 
5361 
5664 
9992 
3136 
1834 
4733 
6728 
8812 
6880 
2755 
933 
4608 
7883 
4733 
1736 
1630 
9330 
9654 
5171 
9152 
5383 
9090 
9047 
8663 
8056 
7637 
7992 
7175 
4717 
5623 
5468 
1563 
363 
2578 
9316 
6818 
4869 
2784 
4769 
312 
7187 
7985 
7575 
786 
2729 
803 
7993 
8352 
157 
2056 
4187 
1028 
7470 
123 
8814 
2550 
9041 
2246 
7976 
4168 
3739 
7611 
7961 
4665 
792 
6132 
7703 
2457 
858 
9463 
117 
2657 
4107 
6025 
859 
134 
4802 
2181 
7382 
3656 
690 
7752 
1244 
384 
5492 
1113 
6850 
2339 
6248 
3363 
7090 
4934 
3580 
7271 
1091 
4190 
34 
7080 
9206 
7450 
1363 
7357 
4528 
3733 
2661 
4946 
5423 
6739 
3823 
794 
2154 
3348 
3418 
1443 
3106 
7732 
4704 
558 
4854 
955 
7317 
3854 
203 
5869 
6403 
8585 
9431 
4314 
8579 
6936 
125 
9514 
2716 
3846 
8698 
1750 
6678 
3146 
7088 
5463 
5501 
1346 
2886 
1282 
3847 
8302 
1413 
9574 
3351 
2468 
8969 
2765 
7770 
6146 
146 
7455 
858 
2674 
3171 
1183 
3371 
1614 
1476 
6039 
3349 
75 
6082 
6988 
6560 
2915 
6034 
8409 
4314 
6872 
5697 
6318 
9917 
5486 
5183 
3662 
8347 
8526 
1109 
8176 
4016 
7962 
4487 
8773 
4342 
8110 
1603 
2744 
5895 
5671 
28 
7090 
8673 
2821 
8006 
6634 
3322 
2014 
272 
4455 
9069 
6132 
85 
3471 
8195 
9078 
267 
1095 
6789 
4335 
4059 
6338 
3412 
2758 
627 
744 
1456 
4715 
6822 
4452 
5376 
8555 
8561 
386 
7572 
5222 
3985 
4960 
3515 
1921 
908 
2600 
4578 
5638 
4627 
3250 
4729 
783 
8197 
4926 
5253 
9348 
3336 
8681 
2582 
2028 
2206 
7138 
1874 
1142 
5662 
8223 
8675 
7071 
7936 
1654 
1848 
6673 
7022 
5945 
2134 
498 
9751 
1668 
5138 
5381 
1565 
799 
4575 
4849 
9009 
1170 
7672 
236 
3552 
4016 
8412 
2096 
863 
659 
8538 
5270 
6930 
639 
9064 
2745 
7677 
6013 
5120 
8570 
9562 
6270 
6676 
5741 
1336 
3631 
9979 
2864 
2236 
7439 
8148 
5977 
1174 
8751 
9060 
8941 
3337 
299 
3027 
567 
9733 
4442 
7374 
349 
8393 
4407 
6254 
3348 
8519 
1553 
7641 
4488 
8542 
9047 
6853 
4781 
2255 
7875 
6983 
1138 
4684 
6761 
4724 
5723 
6216 
8728 
2828 
1262 
4454 
7303 
986 
6093 
984 
273 
2233 
7142 
4105 
2150 
3564 
1487 
9683 
6227 
2906 
2208 
4187 
4011 
4749 
9314 
8988 
7290 
1254 
7829 
6726 
9433 
6837 
3393 
6075 
3483 
9015 
8545 
4916 
6207 
6245 
3065 
6232 
7510 
9625 
2494 
4413 
5640 
1995 
1303 
76 
6622 
2452 
2194 
5735 
3835 
9641 
7030 
9995 
3373 
5316 
2876 
5531 
2595 
2088 
360 
5706 
409 
4783 
4727 
2519 
1843 
5353 
5618 
9398 
3544 
2328 
9893 
7977 
8557 
391 
8765 
2771 
8667 
9891 
6527 
2288 
119 
2553 
9820 
9830 
444 
1294 
4223 
7961 
2721 
6683 
9606 
1545 
8548 
73 
9004 
5874 
2688 
2404 
9799 
8606 
9360 
5373 
9759 
8763 
7074 
9888 
91 
9339 
7483 
3126 
7667 
4795 
8506 
9078 
1064 
7438 
9249 
7129 
4683 
1189 
5101 
6647 
2980 
8395 
4609 
4755 
6763 
9698 
3253 
9356 
5889 
1692 
2041 
4962 
3024 
5374 
5658 
44 
8062 
2804 
9153 
9611 
2305 
7005 
350 
4315 
5924 
6196 
1458 
6505 
6011 
4710 
420 
2290 
702 
9690 
525 
5440 
5998 
6390 
1327 
8740 
6064 
1280 
6063 
9373 
2324 
3781 
1135 
3507 
2487 
3125 
3032 
8608 
67 
6864 
39 
9804 
1313 
2051 
5469 
615 
1690 
6078 
8806 
6597 
9807 
3300 
6875 
8330 
8874 
8625 
