4645 
4000 
259 
928 
6917 
11240 
8392 
2348 
8678 
3928 
5140 
2022 
7420 
8833 
12112 
2566 
10659 
12043 
10068 
2188 
156 
1037 
10699 
2569 
8843 
4118 
1450 
2704 
3119 
4063 
11375 
4799 
10044 
7325 
2927 
4136 
2852 
5034 
7752 
4995 
9991 
3423 
9863 
11659 
9022 
9970 
9467 
11171 
8341 
10258 
8828 
10937 
9387 
9034 
817 
9888 
2838 
3461 
6457 
791 
5265 
4726 
3686 
4702 
8309 
10927 
1766 
3634 
9539 
923 
6191 
9983 
6239 
8824 
11284 
12083 
6089 
2189 
10286 
6489 
10493 
10661 
10402 
7332 
1007 
2929 
10328 
9366 
11340 
2012 
3156 
2959 
300 
11302 
8617 
315 
9696 
3722 
1380 
4386 
248 
11200 
4510 
7335 
9262 
4002 
5961 
3705 
2130 
2656 
1086 
9264 
10729 
9964 
9864 
8147 
10414 
5336 
9359 
5663 
1079 
12444 
3365 
5301 
12300 
1542 
5879 
1477 
10983 
7958 
12165 
9997 
8388 
7986 
5294 
2007 
7293 
11857 
1322 
5368 
4341 
6986 
12332 
8474 
2243 
10091 
665 
970 
3361 
2079 
1297 
2135 
5827 
7970 
6034 
193 
8142 
9037 
2699 
1807 
4101 
1664 
1064 
10511 
610 
1600 
1943 
6444 
2482 
2072 
12487 
1891 
5368 
2453 
8118 
11813 
6399 
6402 
3957 
152 
12139 
6553 
4923 
4348 
966 
7594 
5266 
12017 
11833 
10028 
5375 
4476 
9341 
7444 
871 
10544 
10424 
12248 
7273 
2153 
8115 
8831 
1077 
5971 
6762 
5373 
11114 
1446 
3782 
6521 
12396 
6113 
484 
11537 
10243 
11569 
3189 
2497 
1562 
7847 
10462 
8963 
975 
1139 
4302 
2967 
2795 
2614 
8908 
9328 
1121 
6467 
10224 
1483 
11227 
8222 
9646 
4020 
5770 
3644 
2105 
2327 
5842 
5267 
5181 
2247 
339 
6103 
11588 
3997 
9646 
9163 
5553 
3875 
12110 
11610 
4649 
5856 
7605 
831 
4060 
3245 
4471 
11012 
10171 
9666 
2929 
1633 
4273 
12249 
1018 
3725 
3330 
4295 
3884 
10240 
8731 
1578 
865 
2809 
8624 
2587 
202 
8522 
3712 
6505 
2226 
1984 
2645 
778 
6144 
3285 
2313 
1724 
7341 
7903 
3250 
4867 
1926 
6322 
1403 
5968 
11258 
6988 
3500 
7325 
6165 
7432 
7231 
6178 
7740 
3243 
7320 
11828 
2894 
5247 
11226 
1961 
9360 
9268 
9544 
8170 
6733 
10287 
1148 
3197 
10694 
3131 
3214 
11159 
404 
2596 
4734 
4359 
3557 
7380 
10862 
10032 
1171 
8965 
1650 
2084 
7921 
5992 
5301 
1441 
6256 
4669 
12361 
10357 
3395 
3239 
1800 
10592 
11630 
6836 
10291 
5560 
4997 
5177 
11284 
4805 
7441 
7861 
5015 
1532 
9668 
7362 
5064 
2461 
255 
5847 
776 
6909 
3365 
853 
11222 
2354 
2492 
7184 
8424 
11045 
8102 
8157 
4789 
12341 
5120 
5706 
9752 
3833 
3473 
5564 
5139 
2448 
2803 
10403 
3076 
4489 
8105 
11938 
12147 
473 
5301 
2912 
10881 
1095 
3490 
12496 
11141 
3285 
6113 
5391 
10160 
223 
5190 
6951 
1935 
1622 
8608 
6961 
1823 
6529 
3386 
3667 
12441 
1788 
6479 
8240 
11372 
9823 
4564 
1898 
1406 
6499 
5943 
7741 
7582 
4999 
11173 
2481 
7823 
6907 
6132 
11976 
10172 
8771 
10044 
491 
2090 
4817 
9432 
8340 
2883 
930 
1492 
497 
56 
4592 
10348 
11855 
6863 
5702 
2326 
9168 
11766 
3117 
11533 
380 
11631 
9684 
3725 
11989 
8774 
2419 
3539 
10340 
9247 
11064 
7884 
4916 
10392 
1360 
2731 
4645 
1963 
9319 
7033 
5049 
7838 
4887 
11370 
9940 
7211 
8793 
2325 
8573 
8930 
7880 
10081 
5625 
10674 
6388 
330 
3863 
3254 
1114 
9538 
11690 
2178 
10616 
265 
4743 
2273 
4716 
11293 
2449 
357 
1228 
8520 
3599 
5098 
9300 
4117 
7788 
2492 
10240 
12496 
2917 
9674 
2316 
4928 
8881 
11874 
10896 
5173 
1554 
10003 
4858 
8750 
4139 
10205 
1296 
7916 
4970 
7684 
3023 
11837 
10612 
290 
11720 
781 
10191 
3007 
4974 
10842 
4464 
3782 
6829 
6233 
1210 
9197 
8348 
6335 
9562 
11931 
3891 
4206 
7905 
10550 
8363 
2486 
7289 
9090 
8888 
2225 
2472 
9952 
4103 
5785 
4037 
7209 
9230 
1038 
3549 
6326 
8284 
9307 
11634 
2257 
150 
6177 
5720 
4994 
1874 
3004 
3166 
8598 
10869 
11989 
7644 
10334 
9759 
803 
11495 
4869 
186 
3606 
3997 
8531 
1067 
12239 
11637 
4012 
8879 
12191 
4184 
4420 
6958 
2273 
1653 
6048 
9326 
11516 
2996 
2859 
994 
4247 
448 
9825 
3175 
3262 
10221 
190 
5998 
7518 
4380 
8732 
3298 
7768 
1417 
6983 
3005 
3332 
10652 
165 
6258 
9687 
1944 
5995 
3467 
11956 
12280 
9465 
8771 
3048 
3266 
3098 
379 
3240 
2418 
2891 
1355 
6695 
2805 
3979 
7647 
2822 
11121 
12404 
8786 
5009 
5405 
2773 
6616 
5283 
1991 
5164 
9744 
11702 
5472 
4786 
2969 
11871 
3706 
11751 
4740 
11047 
6514 
10190 
1200 
7770 
1867 
1069 
10716 
10582 
7553 
9360 
9762 
10603 
8553 
8952 
1464 
2831 
5049 
11466 
11834 
9559 
7233 
7208 
5204 
6033 
903 
8547 
1166 
11690 
10226 
6385 
9146 
12126 
5992 
8001 
7739 
12284 
9627 
1118 
7966 
9439 
1679 
3058 
1588 
10444 
10491 
7638 
477 
4024 
11298 
6577 
1374 
5888 
1192 
8084 
11060 
9667 
1894 
2832 
1520 
3620 
1771 
8319 
5052 
11756 
8653 
6207 
8615 
10987 
300 
6126 
6863 
1463 
4018 
6333 
3985 
4239 
5519 
2454 
7400 
11958 
10754 
3509 
3073 
12285 
2220 
8277 
6189 
1146 
6528 
4560 
11822 
11979 
9477 
2383 
2665 
9283 
455 
6463 
5305 
6285 
2891 
11314 
3705 
1691 
2860 
10096 
8990 
6070 
10994 
6446 
9734 
3817 
11598 
2069 
7423 
735 
7892 
3181 
2632 
11657 
3906 
4132 
7516 
4939 
5828 
31 
11579 
4166 
8049 
274 
10971 
9100 
628 
11001 
12410 
11965 
11339 
3498 
1895 
3594 
3309 
10082 
7136 
1824 
8861 
7776 
4487 
11867 
8015 
579 
9299 
2872 
7331 
11086 
9581 
3167 
2237 
10889 
6329 
6216 
3425 
9201 
6050 
10253 
4237 
924 
466 
4234 
1119 
7223 
10412 
9147 
4680 
12007 
1800 
10267 
7210 
5057 
685 
8761 
11470 
11973 
6427 
5970 
10401 
1827 
9384 
416 
5573 
10145 
1544 
12104 
2285 
2044 
116 
4051 
6221 
6131 
10966 
10229 
603 
9105 
10812 
1133 
3848 
558 
877 
6920 
5447 
4405 
3248 
5379 
9045 
671 
11359 
541 
6270 
11267 
2515 
3604 
10231 
6716 
6145 
2512 
601 
5018 
3982 
11728 
1255 
10706 
7739 
80 
12113 
10593 
2446 
4722 
11170 
11082 
1274 
8641 
1145 
9699 
5572 
3513 
2206 
7719 
2787 
6825 
12270 
6948 
6072 
7069 
10415 
10303 
7543 
4065 
3698 
10248 
4208 
6664 
9539 
4552 
6330 
5648 
13 
5857 
2705 
5175 
5087 
12365 
9742 
4618 
7741 
7848 
5442 
5552 
2602 
3503 
10229 
9931 
5446 
12102 
4826 
493 
4318 
5800 
654 
1156 
5591 
11429 
1630 
4144 
11946 
11926 
5436 
3495 
11520 
7432 
4449 
6567 
11464 
8812 
8438 
10700 
10650 
9754 
5849 
4747 
11729 
2858 
11032 
3914 
1438 
9417 
4799 
3735 
2971 
1895 
2954 
1748 
7358 
11488 
7879 
794 
4154 
10574 
1940 
11145 
11866 
1430 
5579 
6546 
1775 
10275 
7838 
6501 
669 
4735 
8168 
2226 
319 
7849 
9812 
2136 
42 
2191 
11298 
7010 
8733 
2896 
8369 
1217 
4947 
3329 
9057 
10527 
3406 
5944 
1155 
5182 
8291 
10901 
4123 
8707 
9320 
7954 
6962 
73 
5295 
6951 
8968 
4616 
3413 
5683 
1940 
8708 
5002 
2643 
7784 
5485 
11462 
3007 
9291 
5940 
1457 
5976 
6254 
7157 
4238 
9655 
6199 
1851 
11908 
9145 
5834 
3418 
8592 
6258 
9256 
297 
2564 
10071 
322 
10803 
8563 
9751 
6689 
8508 
8948 
781 
10772 
9881 
11623 
2452 
3446 
2310 
9230 
11572 
8228 
126 
7849 
5795 
3616 
9160 
8906 
9461 
1995 
4207 
11055 
9087 
3955 
4674 
7307 
5161 
11007 
3874 
9806 
3713 
6026 
3868 
7551 
733 
1052 
6038 
86 
7975 
490 
2641 
8704 
11058 
4014 
5944 
2763 
2952 
11938 
12327 
162 
9471 
3637 
4207 
5974 
4253 
8543 
770 
7141 
6469 
6249 
10159 
4718 
10332 
932 
237 
3839 
2422 
3499 
11046 
8358 
4891 
885 
8057 
4864 
5195 
12205 
9408 
4781 
4856 
708 
711 
12141 
3381 
7616 
4941 
12282 
10535 
9360 
3572 
741 
1728 
12410 
12378 
2948 
744 
1332 
9144 
575 
8445 
9690 
3572 
9161 
12134 
150 
7820 
9028 
12423 
388 
2889 
79 
9898 
8637 
6398 
4755 
9302 
10046 
9918 
12479 
6743 
409 
6277 
9470 
6914 
10291 
8403 
2688 
7888 
4264 
4943 
10836 
6551 
10433 
3754 
9098 
2468 
10438 
3540 
11379 
4043 
8654 
3776 
792 
3747 
2598 
6032 
3091 
10152 
11463 
8558 
3074 
717 
10554 
4315 
11434 
11292 
7521 
18 
