5260 
14837 
179 
731 
4287 
14087 
835 
183 
261 
10765 
13031 
5319 
4660 
7138 
2189 
10012 
9945 
9478 
8359 
7444 
8657 
5051 
9207 
3842 
4764 
12342 
7922 
1537 
9683 
10166 
12790 
3009 
3061 
8740 
6207 
502 
11311 
8576 
11037 
12002 
14875 
4970 
3742 
8794 
2682 
6898 
3044 
3715 
13247 
846 
2242 
11491 
3761 
2252 
9129 
7962 
377 
5411 
591 
579 
11183 
6861 
2995 
13049 
6099 
6963 
2364 
10061 
13302 
6586 
3388 
4656 
4820 
9634 
1563 
687 
840 
8119 
6005 
7962 
12118 
6691 
12991 
14252 
9266 
5445 
4995 
3471 
7613 
6200 
11186 
7489 
9650 
14455 
6096 
2791 
8778 
3350 
1359 
5969 
10926 
1631 
9886 
1030 
3494 
8979 
147 
2026 
12202 
9970 
9444 
13565 
5803 
9332 
1712 
12302 
12162 
7960 
313 
13611 
1058 
8612 
8665 
12657 
1611 
7253 
11605 
13460 
11746 
9255 
11827 
4294 
685 
9210 
3482 
4143 
1114 
481 
13738 
7474 
2444 
2339 
14595 
13192 
32 
3671 
3427 
12506 
13151 
8561 
4799 
10841 
12883 
7422 
13334 
10333 
10441 
11176 
14509 
6201 
14729 
11338 
4749 
11719 
1821 
5405 
12889 
11362 
10283 
1863 
5445 
5371 
2136 
9519 
9016 
7129 
3381 
6566 
5258 
12132 
13657 
8876 
4797 
1839 
1912 
6802 
6834 
10100 
4356 
9461 
12980 
10557 
1236 
3027 
9061 
10820 
224 
1193 
1017 
2706 
13583 
9707 
1003 
6787 
7782 
7111 
10363 
4134 
9161 
3966 
12524 
3619 
8882 
780 
7844 
14387 
5154 
8259 
738 
1892 
5373 
3596 
9730 
1422 
5994 
8200 
8480 
4358 
938 
4248 
6759 
3106 
13677 
13911 
13796 
8050 
142 
13954 
12321 
14581 
684 
7954 
14243 
3690 
12997 
7971 
4136 
8857 
615 
9563 
4222 
4469 
7788 
4422 
14838 
14887 
11447 
1095 
14042 
2981 
6693 
7150 
2405 
9634 
6972 
9045 
7183 
8510 
5550 
14560 
4866 
12172 
5066 
5326 
13292 
7698 
8564 
4428 
10317 
4023 
14489 
2752 
5437 
13125 
13845 
8208 
11216 
7709 
86 
14687 
9220 
7873 
5969 
10334 
10959 
6427 
4579 
10609 
9202 
11719 
11641 
12062 
14334 
543 
4345 
5914 
1497 
12087 
13612 
7952 
2670 
11215 
1293 
12634 
13863 
8100 
3298 
7638 
12959 
3931 
2667 
10895 
2477 
11784 
12985 
9993 
10 
12488 
3702 
6547 
9007 
12375 
1353 
12839 
463 
10666 
9928 
985 
11118 
7106 
6064 
4788 
4322 
8840 
10408 
7408 
8285 
2727 
6764 
5042 
8053 
1717 
1085 
574 
7585 
13328 
14748 
9155 
14177 
8676 
8108 
8172 
14368 
5078 
3733 
7376 
13187 
8036 
12835 
3953 
6915 
725 
13646 
7521 
8964 
187 
11368 
3495 
10777 
11266 
4031 
1711 
13265 
6879 
11724 
4111 
1213 
2359 
14257 
14806 
11912 
58 
6152 
1076 
1371 
6997 
14093 
12742 
10461 
12559 
13812 
7656 
3698 
10909 
14931 
1214 
2623 
12282 
6581 
3529 
9408 
5277 
1606 
9004 
877 
4749 
8454 
2355 
12288 
11517 
2561 
10508 
156 
10488 
4254 
14730 
1164 
6706 
4533 
4475 
2190 
2504 
14942 
14010 
4936 
539 
8875 
6758 
5796 
9961 
8776 
8529 
4875 
9012 
7393 
1007 
89 
12461 
6210 
5739 
8305 
9639 
13755 
5515 
3267 
1469 
11405 
121 
13838 
10770 
6156 
8474 
13321 
4839 
14964 
5665 
6222 
6144 
327 
471 
3288 
3719 
9634 
12129 
9694 
4315 
14905 
5006 
8050 
2197 
10318 
14063 
10975 
9271 
13738 
7518 
11866 
2555 
11907 
4900 
2790 
1781 
1439 
424 
11046 
5904 
9627 
1773 
13517 
14609 
12929 
10001 
9657 
2504 
2628 
1489 
12907 
13308 
1295 
4063 
9281 
10144 
1258 
4620 
5305 
2219 
11149 
7376 
12937 
10600 
11578 
2318 
12755 
12973 
2351 
1168 
7959 
4173 
4277 
5470 
11660 
10287 
4644 
3511 
14232 
11049 
3027 
239 
14181 
5214 
650 
9334 
10114 
5227 
9413 
10103 
5911 
6747 
9786 
11195 
8139 
233 
13773 
5202 
9004 
6103 
9461 
12028 
820 
464 
11479 
10419 
9855 
1869 
492 
8420 
1854 
14271 
9413 
14268 
11981 
14979 
6585 
8229 
3469 
12809 
8901 
7918 
10734 
1672 
4096 
6132 
10691 
9821 
2060 
14098 
13021 
810 
3950 
5786 
4521 
11121 
5610 
7766 
4307 
3135 
7690 
2357 
10396 
1059 
7403 
14755 
9095 
11837 
10500 
5933 
7591 
4047 
10042 
12307 
779 
10242 
6910 
3870 
4916 
7219 
11165 
466 
7276 
12139 
3617 
8667 
1535 
9840 
13931 
10388 
11329 
12024 
14644 
12528 
4123 
6948 
12637 
4623 
4168 
2904 
10044 
9806 
10970 
4262 
12599 
11662 
4899 
3209 
2159 
9637 
12506 
13660 
3186 
5818 
11237 
8663 
14955 
7385 
7089 
6405 
6530 
2737 
2430 
12103 
6545 
13673 
5054 
14518 
12251 
249 
2252 
13883 
9763 
12082 
11014 
2636 
3397 
9638 
13480 
3689 
3070 
1787 
10944 
6915 
10305 
6432 
6300 
269 
12717 
13870 
5337 
13260 
9597 
13094 
2258 
12503 
11047 
3042 
2331 
9254 
4747 
3498 
13157 
12963 
2771 
12954 
1468 
2498 
6281 
410 
3573 
14259 
2816 
5567 
4302 
2201 
14840 
11821 
6464 
5546 
12114 
9601 
7816 
3097 
12396 
9086 
6635 
13837 
11934 
14022 
8036 
10529 
4898 
4779 
5342 
9816 
7964 
8813 
4967 
13000 
647 
2180 
13987 
10648 
9517 
12573 
411 
2799 
4998 
11418 
12786 
7637 
3098 
5333 
7053 
4749 
4849 
4410 
1724 
12527 
7396 
12149 
13138 
2086 
11682 
13844 
10145 
5435 
9265 
3830 
10119 
6524 
2075 
9166 
8764 
7724 
6490 
11756 
1534 
2254 
13502 
643 
9654 
10994 
8827 
9074 
11000 
13135 
11519 
1706 
6053 
3465 
11855 
2839 
6657 
2968 
10002 
1266 
8629 
9821 
962 
2496 
7288 
6353 
7139 
8623 
12445 
3755 
13383 
9083 
1105 
4108 
6003 
989 
1773 
8318 
7511 
10659 
8411 
3839 
6909 
10735 
9331 
14874 
1058 
4277 
13383 
11574 
824 
12874 
13497 
3309 
9311 
10051 
9040 
4514 
4600 
8159 
5188 
7882 
8024 
873 
2073 
3374 
13688 
8127 
9639 
12334 
33 
6572 
8139 
742 
8406 
3469 
4495 
4442 
14590 
13923 
3887 
8188 
8109 
1378 
8852 
14822 
1821 
13624 
4397 
11173 
3378 
12391 
13594 
13907 
245 
13802 
5994 
9704 
9436 
9647 
5752 
3230 
9789 
10913 
6922 
3462 
6255 
5925 
7753 
14287 
6943 
4639 
14108 
11563 
12730 
4909 
1210 
9828 
6479 
7502 
1953 
6499 
3833 
1849 
243 
4917 
4545 
13535 
7882 
2450 
13646 
8947 
5344 
92 
13314 
12114 
8655 
9010 
1789 
4541 
14845 
12139 
9349 
9644 
838 
9363 
7182 
1019 
1429 
5468 
12372 
12842 
3368 
1476 
4092 
1199 
4656 
5123 
2145 
4907 
3826 
12759 
12441 
6237 
14268 
11029 
6238 
3126 
3649 
2988 
14904 
13409 
514 
8393 
7846 
509 
3747 
3094 
3390 
6738 
3959 
8139 
345 
10510 
12654 
13919 
12179 
14354 
4483 
4475 
14200 
2753 
12014 
9918 
3345 
642 
12816 
815 
63 
3564 
4330 
387 
960 
10824 
6338 
4573 
14312 
10040 
4387 
6274 
12404 
14284 
12909 
3233 
1656 
5462 
7313 
14087 
2160 
7665 
6350 
807 
4716 
3861 
1206 
8162 
10572 
7038 
7896 
68 
9839 
2847 
2403 
8332 
6275 
6061 
2602 
8217 
7961 
1741 
7811 
7954 
4353 
6804 
10983 
8939 
12752 
6476 
10292 
3510 
9109 
8610 
2738 
6376 
13492 
3784 
7171 
5502 
5098 
6916 
58 
4487 
3316 
6453 
8062 
14919 
13794 
9969 
4794 
9402 
428 
5079 
1976 
14976 
8389 
6974 
6752 
13562 
14912 
14474 
7937 
10172 
17 
7887 
5189 
11750 
6175 
12173 
3560 
4460 
8982 
10061 
9429 
4272 
1921 
5239 
1216 
5637 
6455 
14507 
1765 
6469 
11856 
4449 
2625 
8398 
6960 
8913 
10625 
4215 
2091 
666 
10382 
1615 
17 
2466 
10418 
1593 
1345 
7149 
4366 
6714 
14659 
11616 
5350 
9041 
10476 
13412 
13493 
2165 
10240 
9950 
5736 
9656 
3401 
9219 
13828 
13534 
1561 
8146 
2979 
12954 
8320 
1637 
8879 
6105 
3309 
11501 
7491 
6245 
4933 
13162 
9820 
5271 
623 
7183 
6747 
9913 
7585 
11125 
5056 
10723 
12591 
14209 
13862 
8852 
12656 
9154 
14094 
8924 
2490 
13686 
1207 
8297 
14714 
320 
13473 
8537 
13890 
14312 
10837 
7479 
11972 
3422 
7437 
11989 
5386 
10886 
12736 
8830 
12098 
6657 
4959 
13919 
4003 
854 
5019 
2765 
8871 
5647 
4838 
4722 
4988 
6582 
12303 
7820 
14099 
11251 
12863 
5339 
9872 
2708 
5696 
10426 
13999 
3089 
12525 
12628 
2043 
8916 
13458 
432 
11797 
9683 
440 
12862 
1566 
3421 
12974 
8471 
6499 
11574 
14751 
11857 
7449 
4553 
14685 
14011 
9695 
5669 
4965 
1000 
3232 
13555 
3022 
2217 
5740 
8567 
13619 
14631 
604 
7356 
9578 
8665 
14487 
7586 
6326 
9624 
10568 
10342 
6318 
4876 
9145 
9077 
8553 
14400 
12386 
11484 
3459 
9365 
4666 
4100 
14751 
9196 
13214 
5688 
13462 
12856 
9460 
7942 
3345 
14692 
11210 
14068 
11769 
10706 
14950 
10687 
12221 
9501 
6842 
8200 
8951 
8936 
7750 
913 
11804 
1762 
11718 
12985 
12163 
7154 
6699 
3640 
1979 
14111 
3216 
2941 
5766 
129 
13784 
6248 
4872 
13076 
6306 
6303 
4181 
10499 
629 
7850 
11145 
11638 
7337 
12629 
4268 
9923 
14179 
4447 
3317 
500 
2278 
2732 
11562 
4156 
2382 
10495 
2412 
2681 
10098 
249 
1762 
6782 
10271 
1377 
14200 
320 
9791 
3137 
5380 
5804 
5321 
1345 
2105 
12979 
5242 
3575 
9438 
1449 
1803 
2332 
3709 
6533 
7503 
8840 
1888 
2410 
5054 
8118 
1037 
576 
169 
4347 
13775 
6545 
11660 
12218 
11285 
1596 
1561 
7691 
14492 
7800 
11798 
13746 
5350 
851 
10123 
4765 
11784 
5393 
12080 
4599 
1309 
452 
14968 
10403 
7275 
8780 
12006 
13871 
10056 
989 
13089 
11273 
12623 
4039 
8149 
6200 
4333 
5863 
244 
4553 
3110 
3266 
12797 
3710 
8476 
4446 
12931 
156 
5495 
13174 
5889 
9160 
6632 
3688 
7488 
1488 
2118 
5837 
5967 
10624 
3647 
12769 
244 
4540 
343 
9285 
7231 
1624 
1389 
8705 
42 
13542 
12214 
14494 
11196 
13704 
1755 
13270 
4369 
14266 
2885 
11201 
6080 
1332 
3590 
7148 
2636 
10947 
5366 
7320 
4832 
2379 
10150 
3834 
4282 
10073 
12334 
7131 
8649 
14337 
4810 
2763 
1577 
3587 
8015 
284 
8356 
2670 
7864 
1104 
8997 
7990 
1039 
11697 
13174 
2896 
10543 
9165 
2094 
10615 
294 
9684 
6276 
5284 
11583 
10973 
12133 
13501 
13960 
4885 
10637 
12472 
6906 
2819 
13036 
2266 
1649 
558 
8672 
6852 
4105 
11348 
3330 
1209 
13284 
3582 
4210 
14505 
9171 
7821 
6453 
6042 
14124 
13938 
550 
